3.9678e-05,0,3.5221e-05,-3.403e-05,-6.5821e-05,-0.00010126,-0.00010822,-0.00010866,-0.00011616,-0.00018208,-0.00022629,-0.00033729,-0.00042915,-0.00043909,-0.00044074,-0.00043964,-0.00043856,-0.00043956,-0.00043859,-0.00044317,-0.00046971,-0.00047813,-0.00051941,-0.00056041,-0.00056054,-0.00056311,-0.00056978,-0.00063463,-0.00063721,-0.0006432,-0.00068576,-0.00079176,-0.00080522,-0.00081743,-0.00097441,-0.00099933,-0.0014982,-0.0015132,-0.0015078,-0.0014958,-0.0013727,-0.0015478,-0.0013643,-0.00045088,0.00061204,0.0011323,0.0045245,0.0040332,0.0031186,0.0014046,0.0036417,0.010105,0.0090666,0.017334,0.01321,0.013436,0.022767,0.061335,0.13741,0.32624,0.49616,0.76744,1.0716,1.2537,1.6033,1.5353,1.4716,1.6224,1.5152,1.3945,1.4293,1.1729,1.0313,0.67975,0.55077,0.30593,-0.15056,-0.46065,-0.83795,-1.2224,-1.568,-1.9222,-2.4231,-2.9232,-3.4899,-3.4434,-4.0775,-4.7675,-5.3333,-5.9924,-6.8295,-7.6971,-8.5526,-9.5658
0,0,0,0,0,0,0,0,0,0,0,0,0,0,0,0,0,0,0,0,0,0,0,0,0,0,0,0,0,0,0,0,0,0,0,0,0,0,0,0,0,0,0,0,0,0,0,0,0,0,0,0,0,0,0,0,0,0,0,0,0,0,0,0,0,0,0,0,0,0,0,0,0,0,0,0,0,0,0,0,0,0,0,0,0,0,0,0,0,0,0,0,0,0
3.5221e-05,0,3.1265e-05,-3.0208e-05,-5.8428e-05,-8.9886e-05,-9.6061e-05,-9.6456e-05,-0.00010312,-0.00016163,-0.00020087,-0.00029941,-0.00038095,-0.00038977,-0.00039123,-0.00039026,-0.0003893,-0.00039019,-0.00038932,-0.00039339,-0.00041695,-0.00042442,-0.00046107,-0.00049746,-0.00049758,-0.00049986,-0.00050578,-0.00056334,-0.00056564,-0.00057096,-0.00060874,-0.00070283,-0.00071477,-0.00072561,-0.00086496,-0.00088708,-0.0013299,-0.0013432,-0.0013385,-0.0013277,-0.0012185,-0.001374,-0.001211,-0.00040024,0.00054329,0.0010051,0.0040163,0.0035802,0.0027683,0.0012469,0.0032326,0.0089698,0.0080482,0.015387,0.011726,0.011926,0.020209,0.054446,0.12198,0.28959,0.44043,0.68124,0.9512,1.1129,1.4232,1.3628,1.3063,1.4402,1.345,1.2379,1.2688,1.0411,0.91545,0.6034,0.48891,0.27156,-0.13364,-0.40891,-0.74383,-1.0851,-1.3919,-1.7063,-2.1509,-2.5949,-3.0979,-3.0566,-3.6195,-4.232,-4.7342,-5.3193,-6.0624,-6.8325,-7.592,-8.4913
-3.403e-05,0,-3.0208e-05,0.00022392,0.00041298,0.00064728,0.00065722,0.00068071,0.00070852,0.00097427,0.0012277,0.00165,0.0021789,0.0022323,0.0022489,0.002273,0.0022545,0.0022482,0.0022716,0.0022808,0.002441,0.0024869,0.0026549,0.0028251,0.002826,0.0028464,0.0028873,0.0030538,0.0030786,0.0031272,0.0033743,0.0038265,0.0039012,0.0039869,0.0051359,0.0052629,0.008223,0.0083343,0.0085801,0.0089037,0.010462,0.012107,0.013749,0.020914,0.030886,0.052335,0.08557,0.10764,0.15386,0.20106,0.24369,0.33639,0.45213,0.62099,0.77727,1.0179,1.4275,2.2924,3.7841,5.9393,8.5105,12.162,16.617,20.69,26.585,33.029,39.155,47.401,54.247,62.617,71.334,80.872,90.919,102.88,115.95,125.19,135.31,146.32,157.38,169.72,181.91,193.48,203.91,212.49,222.34,233.67,245.05,255.44,265.03,273.99,282.5,290.62,299.92,310.68
-6.5821e-05,0,-5.8428e-05,0.00041298,0.00076194,0.0011941,0.0012129,0.0012559,0.0013075,0.0017999,0.0022677,0.0030507,0.0040274,0.0041259,0.0041565,0.0042006,0.0041665,0.004155,0.0041979,0.0042151,0.0045107,0.0045955,0.0049068,0.0052221,0.0052237,0.0052612,0.0053367,0.0056473,0.005693,0.0057825,0.0062387,0.0070759,0.007214,0.007372,0.0094894,0.0097243,0.015188,0.015393,0.015843,0.016434,0.019275,0.022303,0.025294,0.03833,0.056495,0.095717,0.15627,0.19671,0.28143,0.36799,0.44585,0.61498,0.82698,1.1354,1.4219,1.8624,2.6116,4.1915,6.916,10.845,15.538,22.199,30.328,37.769,48.531,60.335,71.557,86.641,99.184,114.52,130.48,147.96,166.37,188.29,212.25,229.19,247.75,267.93,288.22,310.84,333.18,354.4,373.54,389.29,407.39,428.13,449,468.09,485.7,502.17,517.82,532.76,549.86,569.67
-0.00010126,0,-8.9886e-05,0.00064728,0.0011941,0.0018714,0.0019006,0.0019682,0.0020488,0.0028192,0.0035521,0.0047768,0.0063069,0.0064612,0.0065092,0.0065786,0.0065251,0.006507,0.0065744,0.0066012,0.0070645,0.0071973,0.0076843,0.0081776,0.0081802,0.008239,0.0083573,0.0088419,0.0089137,0.009054,0.0097687,0.011079,0.011295,0.011543,0.014863,0.01523,0.023791,0.024113,0.02482,0.02575,0.030223,0.034973,0.039684,0.060228,0.08884,0.15052,0.24589,0.30944,0.44256,0.57854,0.70105,0.96727,1.3005,1.7858,2.2359,2.9283,4.1065,6.5923,10.879,17.066,24.452,34.938,47.734,59.44,76.377,94.929,112.56,136.28,156,180.1,205.18,232.65,261.58,296.03,333.67,360.29,389.45,421.14,453.01,488.56,523.66,556.99,587.05,611.78,640.2,672.8,705.58,735.55,763.19,789.06,813.6,837.05,863.88,894.95
-0.00010822,0,-9.6061e-05,0.00065722,0.0012129,0.0019006,0.001931,0.0019992,0.0020816,0.0028678,0.0036129,0.0048637,0.0064191,0.0065761,0.0066247,0.0066943,0.0066403,0.0066223,0.00669,0.0067177,0.0071885,0.0073235,0.0078204,0.0083237,0.0083263,0.008386,0.0085062,0.0090044,0.0090771,0.0092193,0.0099458,0.011282,0.011502,0.011753,0.015121,0.015496,0.024195,0.024522,0.025233,0.026168,0.030653,0.035464,0.04018,0.060726,0.089374,0.15141,0.24693,0.311,0.44521,0.58243,0.70545,0.97255,1.3083,1.7957,2.2497,2.947,4.1321,6.6294,10.935,17.136,24.547,35.065,47.904,59.664,76.667,95.361,113.13,137,156.86,181.15,206.41,234.12,263.27,298.02,335.95,362.79,392.23,424.2,456.36,492.21,527.62,561.24,591.59,616.58,645.29,678.11,711.23,741.52,769.44,795.59,820.44,844.19,871.35,902.8
-0.00010866,0,-9.6456e-05,0.00068071,0.0012559,0.0019682,0.0019992,0.0020702,0.0021552,0.0029669,0.0037381,0.005029,0.0066388,0.0068012,0.0068516,0.0069243,0.0068681,0.0068493,0.0069199,0.0069482,0.0074356,0.0075753,0.0080884,0.0086082,0.0086109,0.0086728,0.0087972,0.0093093,0.0093847,0.0095322,0.010284,0.011664,0.011892,0.012152,0.015642,0.01603,0.025036,0.025374,0.026114,0.027089,0.03177,0.036761,0.041688,0.063167,0.093095,0.15773,0.25749,0.32414,0.46375,0.60641,0.7347,1.0134,1.3627,1.871,2.3431,3.069,4.3035,6.907,11.396,17.87,25.602,36.578,49.973,62.233,79.967,99.42,117.91,142.77,163.44,188.71,215,243.82,274.16,310.29,349.76,377.68,408.28,441.52,474.96,512.24,549.06,584.02,615.57,641.53,671.36,705.53,739.94,771.4,800.41,827.57,853.35,877.98,906.17,938.81
-0.00011616,0,-0.00010312,0.00070852,0.0013075,0.0020488,0.0020816,0.0021552,0.002244,0.0030911,0.0038943,0.0052421,0.0069187,0.0070879,0.0071403,0.0072154,0.0071572,0.0071377,0.0072108,0.0072406,0.0077481,0.0078936,0.0084291,0.0089715,0.0089742,0.0090386,0.0091681,0.0097047,0.009783,0.0099364,0.01072,0.012159,0.012397,0.012667,0.016299,0.016702,0.02608,0.026432,0.027199,0.028208,0.033049,0.038236,0.043327,0.065504,0.096426,0.16336,0.26645,0.33556,0.48034,0.62834,0.76109,1.0493,1.4115,1.9375,2.4271,3.1794,4.458,7.1527,11.798,18.491,26.489,37.84,51.694,64.384,82.732,102.9,122.07,147.81,169.25,195.45,222.7,252.58,284.03,321.51,362.43,391.38,423.14,457.62,492.3,530.98,569.17,605.44,638.17,665.12,696.09,731.5,767.21,799.88,830,858.2,885,910.6,939.89,973.81
-0.00018208,0,-0.00016163,0.00097427,0.0017999,0.0028192,0.0028678,0.0029669,0.0030911,0.0042726,0.0053807,0.0072643,0.0095772,0.0098111,0.0098826,0.0099828,0.0099038,0.0098783,0.0099759,0.010019,0.010718,0.010919,0.011666,0.012421,0.012425,0.012513,0.012692,0.013455,0.013562,0.013772,0.014852,0.016856,0.017184,0.017556,0.022537,0.023096,0.036023,0.036506,0.037533,0.038881,0.045304,0.052389,0.059108,0.088308,0.12916,0.21875,0.35504,0.44823,0.64335,0.84333,1.0202,1.4033,1.8906,2.5919,3.2525,4.263,5.9749,9.5703,15.763,24.631,35.266,50.339,68.755,85.686,110.11,137.25,163.05,197.54,226.41,261.69,298.28,338.61,380.96,431.54,486.61,525.67,568.63,615.17,662.02,714.24,765.77,814.73,859.05,895.59,937.56,985.11,1033.5,1077.9,1118.7,1157,1193.6,1228.5,1268.5,1314.7
-0.00022629,0,-0.00020087,0.0012277,0.0022677,0.0035521,0.0036129,0.0037381,0.0038943,0.0053807,0.0067765,0.0091458,0.012059,0.012354,0.012444,0.012571,0.012471,0.012439,0.012562,0.012616,0.013497,0.01375,0.014689,0.01564,0.015645,0.015756,0.015981,0.016939,0.017074,0.017339,0.018699,0.021221,0.021634,0.022102,0.028381,0.029084,0.04537,0.045978,0.047276,0.04898,0.057107,0.066041,0.074547,0.11152,0.16323,0.27647,0.44898,0.56666,0.81308,1.0656,1.2893,1.7738,2.3893,3.2761,4.1103,5.3871,7.5507,12.097,19.927,31.148,44.6,63.67,86.965,108.37,139.26,173.54,206.13,249.72,286.18,330.75,376.98,427.9,481.39,545.26,614.82,664.15,718.38,777.14,836.3,902.24,967.31,1029.1,1085.1,1131.2,1184.2,1244.2,1305.3,1361.3,1412.8,1461.2,1507.3,1551.4,1601.7,1660
-0.00033729,0,-0.00029941,0.00165,0.0030507,0.0047768,0.0048637,0.005029,0.0052421,0.0072643,0.0091458,0.012375,0.016302,0.016699,0.01682,0.016985,0.016853,0.016811,0.016973,0.017048,0.018234,0.018576,0.019854,0.021146,0.021152,0.021301,0.021604,0.02293,0.02311,0.023465,0.025298,0.028723,0.029279,0.029909,0.038331,0.039281,0.061215,0.062031,0.063735,0.065966,0.076543,0.088478,0.099494,0.14727,0.21428,0.36285,0.58658,0.74199,1.0673,1.4014,1.6937,2.3252,3.1365,4.2957,5.398,7.0786,9.9177,15.864,26.097,40.682,58.223,83.058,113.42,141.42,181.74,226.94,269.9,327.15,375.25,434.04,494.86,562.15,632.71,717.15,808.85,874.03,945.89,1023.5,1101.8,1189,1275,1356.7,1430.9,1492.1,1562.4,1641.4,1722.5,1796.8,1865.2,1929.6,1991.1,2050,2117.1,2194.9
-0.00042915,0,-0.00038095,0.0021789,0.0040274,0.0063069,0.0064191,0.0066388,0.0069187,0.0095772,0.012059,0.016302,0.021482,0.022006,0.022165,0.022386,0.022211,0.022155,0.02237,0.022468,0.024034,0.024484,0.026164,0.027864,0.027872,0.028069,0.028468,0.030201,0.030439,0.030908,0.033327,0.037833,0.038566,0.039398,0.050528,0.05178,0.080724,0.081801,0.084072,0.087047,0.10118,0.11698,0.13173,0.19577,0.28549,0.48346,0.7829,0.98949,1.422,1.8658,2.2559,3.0995,4.1787,5.7256,7.1906,9.4273,13.21,21.143,34.8,54.305,77.733,110.92,151.48,188.84,242.67,302.79,359.94,436.19,500.16,578.34,659.3,748.73,842.56,954.77,1076.7,1163.4,1258.8,1362,1465.9,1581.8,1696.1,1804.7,1903.1,1984.3,2077.6,2182.8,2290.3,2388.9,2479.7,2565,2646.4,2724.4,2813.3,2916.3
-0.00043909,0,-0.00038977,0.0022323,0.0041259,0.0064612,0.0065761,0.0068012,0.0070879,0.0098111,0.012354,0.016699,0.022006,0.022543,0.022706,0.022933,0.022753,0.022696,0.022916,0.023017,0.02462,0.025082,0.026803,0.028543,0.028552,0.028754,0.029163,0.030937,0.031181,0.031662,0.03414,0.038755,0.039507,0.040358,0.051761,0.053044,0.082695,0.083799,0.086126,0.089175,0.10366,0.11985,0.13497,0.2006,0.29256,0.49544,0.80235,1.014,1.4572,1.912,2.3117,3.1763,4.2823,5.8676,7.3687,9.6608,13.538,21.667,35.663,55.654,79.665,113.68,155.25,193.53,248.7,310.31,368.87,447.01,512.56,592.67,675.64,767.27,863.43,978.4,1103.4,1192.2,1289.9,1395.7,1502.2,1620.9,1738,1849.3,1950.1,2033.3,2128.9,2236.7,2346.9,2448,2541,2628.3,2711.8,2791.7,2882.8,2988.3
-0.00044074,0,-0.00039123,0.0022489,0.0041565,0.0065092,0.0066247,0.0068516,0.0071403,0.0098826,0.012444,0.01682,0.022165,0.022706,0.02287,0.023099,0.022918,0.02286,0.023083,0.023184,0.024799,0.025264,0.026997,0.02875,0.028759,0.028962,0.029374,0.03116,0.031406,0.03189,0.034386,0.039034,0.039791,0.040649,0.052138,0.05343,0.0833,0.084412,0.086758,0.089833,0.10445,0.12076,0.13601,0.20222,0.29499,0.49956,0.80915,1.0226,1.4693,1.9277,2.3309,3.2029,4.3179,5.9166,7.4298,9.7407,13.65,21.848,35.962,56.127,80.343,114.65,156.58,195.18,250.82,312.93,371.97,450.76,516.84,597.6,681.25,773.62,870.56,986.46,1112.5,1201.9,1300.5,1407.1,1514.5,1634.1,1752.2,1864.4,1966,2049.9,2146.2,2254.9,2366,2467.8,2561.6,2649.6,2733.7,2814.2,2906,3012.4
-0.00043964,0,-0.00039026,0.002273,0.0042006,0.0065786,0.0066943,0.0069243,0.0072154,0.0099828,0.012571,0.016985,0.022386,0.022933,0.023099,0.023331,0.023147,0.023089,0.023314,0.023416,0.025049,0.025518,0.027267,0.029036,0.029045,0.029251,0.029667,0.031465,0.031714,0.032203,0.034726,0.039417,0.040182,0.041049,0.052664,0.05397,0.084151,0.085276,0.087655,0.090772,0.1056,0.1221,0.13759,0.20485,0.29905,0.50646,0.82079,1.037,1.4896,1.9538,2.3627,3.2476,4.3773,5.9989,7.5317,9.8736,13.837,22.152,36.468,56.936,81.507,116.32,158.86,198.02,254.46,317.39,377.21,457.08,524.03,605.85,690.63,784.19,882.4,999.79,1127.5,1218.1,1317.9,1425.8,1534.6,1655.8,1775.4,1889,1991.9,2076.8,2174.3,2284.5,2397,2500,2594.9,2684,2769.1,2850.6,2943.4,3051
-0.00043856,0,-0.0003893,0.0022545,0.0041665,0.0065251,0.0066403,0.0068681,0.0071572,0.0099038,0.012471,0.016853,0.022211,0.022753,0.022918,0.023147,0.022965,0.022907,0.023131,0.023232,0.024851,0.025317,0.027053,0.028809,0.028817,0.029021,0.029434,0.031221,0.031468,0.031953,0.034455,0.039111,0.039869,0.04073,0.052248,0.053544,0.083482,0.084598,0.086954,0.090041,0.10473,0.12108,0.13641,0.20298,0.29622,0.50166,0.81281,1.027,1.4755,1.9355,2.3405,3.2166,4.3359,5.9418,7.4606,9.7807,13.706,21.941,36.119,56.382,80.711,115.18,157.3,196.08,251.97,314.32,373.59,452.71,519.04,600.11,684.1,776.81,874.12,990.44,1116.9,1206.7,1305.6,1412.6,1520.4,1640.5,1759,1871.6,1973.6,2057.7,2154.4,2263.5,2375,2477.1,2571.2,2659.5,2743.9,2824.6,2916.7,3023.4
-0.00043956,0,-0.00039019,0.0022482,0.004155,0.006507,0.0066223,0.0068493,0.0071377,0.0098783,0.012439,0.016811,0.022155,0.022696,0.02286,0.023089,0.022907,0.02285,0.023072,0.023173,0.024788,0.025253,0.026985,0.028737,0.028745,0.028949,0.029361,0.031144,0.031391,0.031874,0.03437,0.039015,0.039772,0.04063,0.052115,0.053407,0.083265,0.084377,0.086724,0.089799,0.10442,0.12073,0.13599,0.20224,0.29505,0.49967,0.80941,1.0228,1.4696,1.928,2.3313,3.2037,4.3188,5.918,7.4313,9.7426,13.653,21.853,35.972,56.145,80.37,114.69,156.63,195.25,250.91,313.02,372.07,450.87,516.96,597.73,681.39,773.77,870.72,986.63,1112.6,1202.1,1300.7,1407.3,1514.6,1634.3,1752.4,1864.6,1966.2,2050.1,2146.4,2255.1,2366.2,2468,2561.8,2649.8,2733.9,2814.4,2906.2,3012.5
-0.00043859,0,-0.00038932,0.0022716,0.0041979,0.0065744,0.00669,0.0069199,0.0072108,0.0099759,0.012562,0.016973,0.02237,0.022916,0.023083,0.023314,0.023131,0.023072,0.023298,0.023399,0.025031,0.0255,0.027247,0.029015,0.029024,0.029229,0.029646,0.031442,0.031691,0.03218,0.0347,0.039388,0.040152,0.041019,0.052627,0.053932,0.084093,0.085217,0.087596,0.090713,0.10554,0.12203,0.13752,0.20479,0.29898,0.50635,0.82068,1.0368,1.4892,1.9533,2.3622,3.247,4.3763,5.9977,7.53,9.8713,13.834,22.147,36.462,56.929,81.497,116.31,158.85,198,254.43,317.34,377.14,457,523.93,605.72,690.48,784.01,882.19,999.54,1127.2,1217.8,1317.5,1425.5,1534.2,1655.3,1774.9,1888.4,1991.3,2076.2,2173.7,2283.8,2396.2,2499.3,2594.1,2683.2,2768.2,2849.6,2942.5,3050
-0.00044317,0,-0.00039339,0.0022808,0.0042151,0.0066012,0.0067177,0.0069482,0.0072406,0.010019,0.012616,0.017048,0.022468,0.023017,0.023184,0.023416,0.023232,0.023173,0.023399,0.023502,0.02514,0.025611,0.027367,0.029143,0.029152,0.029358,0.029776,0.031582,0.031832,0.032323,0.034854,0.039564,0.040331,0.041202,0.052855,0.054165,0.084453,0.085581,0.087966,0.09109,0.10595,0.1225,0.13802,0.20539,0.29976,0.50765,0.82256,1.0393,1.4931,1.9586,2.3684,3.2551,4.3877,6.0128,7.5496,9.8974,13.87,22.203,36.551,57.058,81.68,116.56,159.19,198.44,255,318.09,378.06,458.12,525.24,607.28,692.26,786.08,884.54,1002.2,1130.2,1221.1,1321.2,1429.4,1538.5,1660,1779.9,1893.8,1997,2082.2,2180,2290.4,2403.2,2506.6,2601.7,2691.1,2776.5,2858.2,2951.3,3059.2
-0.00046971,0,-0.00041695,0.002441,0.0045107,0.0070645,0.0071885,0.0074356,0.0077481,0.010718,0.013497,0.018234,0.024034,0.02462,0.024799,0.025049,0.024851,0.024788,0.025031,0.02514,0.026893,0.027397,0.029274,0.031173,0.031182,0.031403,0.03185,0.033778,0.034046,0.034571,0.03728,0.042315,0.043136,0.044068,0.056542,0.057944,0.090352,0.09156,0.094118,0.09747,0.11342,0.13114,0.14781,0.22018,0.32152,0.54452,0.88267,1.115,1.6015,2.1004,2.5402,3.4919,4.7062,6.45,8.0974,10.615,14.876,23.817,39.213,61.23,87.655,125.1,170.85,212.96,273.66,341.3,405.6,491.48,563.44,651.39,742.52,843.09,948.65,1074.8,1212.1,1309.5,1416.7,1532.7,1649.6,1779.9,1908.4,2030.5,2141.1,2232.3,2337.1,2455.6,2576.4,2687.2,2789.1,2884.9,2976.3,3063.8,3163.5,3279.1
-0.00047813,0,-0.00042442,0.0024869,0.0045955,0.0071973,0.0073235,0.0075753,0.0078936,0.010919,0.01375,0.018576,0.024484,0.025082,0.025264,0.025518,0.025317,0.025253,0.0255,0.025611,0.027397,0.027911,0.029822,0.031757,0.031767,0.031992,0.032447,0.034411,0.034684,0.035219,0.037978,0.043108,0.043945,0.044894,0.057603,0.059031,0.092048,0.093278,0.095884,0.0993,0.11556,0.13361,0.1506,0.22435,0.32763,0.55486,0.89947,1.1362,1.6319,2.1403,2.5884,3.5582,4.7956,6.5726,8.2512,10.817,15.158,24.27,39.959,62.395,89.324,127.48,174.11,217.02,278.87,347.8,413.32,500.82,574.14,663.76,756.63,859.1,966.66,1095.2,1235.1,1334.3,1443.6,1561.8,1680.9,1813.6,1944.6,2069,2181.7,2274.7,2381.4,2502.1,2625.2,2738.1,2842,2939.5,3032.7,3121.8,3223.5,3341.2
-0.00051941,0,-0.00046107,0.0026549,0.0049068,0.0076843,0.0078204,0.0080884,0.0084291,0.011666,0.014689,0.019854,0.026164,0.026803,0.026997,0.027267,0.027053,0.026985,0.027247,0.027367,0.029274,0.029822,0.031868,0.033937,0.033947,0.034187,0.034673,0.03678,0.037071,0.037642,0.040589,0.046075,0.046969,0.047982,0.061545,0.063071,0.098331,0.099645,0.10242,0.10605,0.12331,0.14256,0.16058,0.2388,0.34838,0.58999,0.95568,1.2077,1.7353,2.2766,2.7527,3.7827,5.0994,6.9876,8.7745,11.504,16.12,25.803,42.473,66.291,94.893,135.41,184.94,230.53,296.25,369.59,439.31,532.36,610.4,705.77,804.55,913.64,1028.1,1165,1313.8,1419.4,1535.8,1661.7,1788.5,1929.8,2069.2,2201.6,2321.7,2420.7,2534.4,2662.8,2794,2914.2,3024.9,3128.9,3228.2,3323.2,3431.6,3557.2
-0.00056041,0,-0.00049746,0.0028251,0.0052221,0.0081776,0.0083237,0.0086082,0.0089715,0.012421,0.01564,0.021146,0.027864,0.028543,0.02875,0.029036,0.028809,0.028737,0.029015,0.029143,0.031173,0.031757,0.033937,0.036142,0.036153,0.036408,0.036926,0.039177,0.039486,0.040093,0.04323,0.049077,0.050028,0.051106,0.065535,0.067159,0.10469,0.10609,0.10903,0.11288,0.13117,0.15164,0.17072,0.25351,0.36954,0.62579,1.013,1.2806,1.8406,2.4154,2.9201,4.0116,5.409,7.4107,9.3078,12.204,17.1,27.366,45.037,70.267,100.58,143.51,195.99,244.33,313.98,391.83,465.82,564.53,647.36,748.59,853.4,969.21,1090.7,1236,1394,1506.1,1629.7,1763.3,1898,2048,2196,2336.7,2464.2,2569.4,2690.2,2826.4,2965.7,3093.5,3211.1,3321.5,3427.1,3528.2,3643.4,3776.9
-0.00056054,0,-0.00049758,0.002826,0.0052237,0.0081802,0.0083263,0.0086109,0.0089742,0.012425,0.015645,0.021152,0.027872,0.028552,0.028759,0.029045,0.028817,0.028745,0.029024,0.029152,0.031182,0.031767,0.033947,0.036153,0.036164,0.036419,0.036937,0.039189,0.039498,0.040106,0.043243,0.049092,0.050043,0.051121,0.065555,0.06718,0.10472,0.10612,0.10906,0.11291,0.13121,0.15169,0.17077,0.25359,0.36966,0.626,1.0134,1.281,1.8412,2.4162,2.9211,4.0129,5.4108,7.4132,9.3109,12.208,17.106,27.375,45.052,70.291,100.61,143.56,196.06,244.42,314.09,391.96,465.98,564.71,647.57,748.84,853.68,969.53,1091.1,1236.4,1394.4,1506.6,1630.2,1763.9,1898.6,2048.7,2196.7,2337.4,2465,2570.2,2691.1,2827.3,2966.7,3094.5,3212.1,3322.6,3428.2,3529.3,3644.6,3778.1
-0.00056311,0,-0.00049986,0.0028464,0.0052612,0.008239,0.008386,0.0086728,0.0090386,0.012513,0.015756,0.021301,0.028069,0.028754,0.028962,0.029251,0.029021,0.028949,0.029229,0.029358,0.031403,0.031992,0.034187,0.036408,0.036419,0.036676,0.037198,0.039464,0.039776,0.040388,0.043548,0.049437,0.050395,0.051481,0.066019,0.067656,0.10547,0.10688,0.10984,0.11372,0.13216,0.15279,0.17203,0.25553,0.37255,0.6309,1.0214,1.2911,1.8556,2.435,2.9439,4.0445,5.4531,7.4714,9.3836,12.303,17.24,27.59,45.408,70.85,101.41,144.71,197.62,246.37,316.59,395.06,469.65,569.16,652.66,754.7,860.36,977.1,1099.6,1246,1405.2,1518.3,1642.9,1777.6,1913.3,2064.5,2213.7,2355.5,2484,2590,2711.8,2849.1,2989.5,3118.3,3236.8,3348.1,3454.5,3556.3,3672.4,3806.9
-0.00056978,0,-0.00050578,0.0028873,0.0053367,0.0083573,0.0085062,0.0087972,0.0091681,0.012692,0.015981,0.021604,0.028468,0.029163,0.029374,0.029667,0.029434,0.029361,0.029646,0.029776,0.03185,0.032447,0.034673,0.036926,0.036937,0.037198,0.037727,0.040024,0.04034,0.040961,0.044167,0.050138,0.05111,0.052212,0.06696,0.06862,0.10697,0.1084,0.11141,0.11535,0.13407,0.155,0.17453,0.25932,0.37812,0.64034,1.0368,1.3105,1.8834,2.4713,2.9879,4.1051,5.5347,7.5834,9.5239,12.487,17.497,28.003,46.09,71.919,102.95,146.89,200.61,250.09,321.38,401.01,476.71,577.71,662.44,766,873.23,991.7,1116,1264.6,1426.2,1540.9,1667.3,1804,1941.7,2095.2,2246.6,2390.5,2520.8,2628.4,2752,2891.3,3033.8,3164.5,3284.7,3397.7,3505.6,3608.9,3726.7,3863.2
-0.00063463,0,-0.00056334,0.0030538,0.0056473,0.0088419,0.0090044,0.0093093,0.0097047,0.013455,0.016939,0.02293,0.030201,0.030937,0.03116,0.031465,0.031221,0.031144,0.031442,0.031582,0.033778,0.034411,0.03678,0.039177,0.039189,0.039464,0.040024,0.04249,0.042823,0.043479,0.046874,0.053225,0.054255,0.055419,0.071001,0.072762,0.11337,0.11488,0.11802,0.12213,0.1416,0.16367,0.18393,0.27174,0.39501,0.66884,1.0804,1.3672,1.9674,2.5842,3.1225,4.2851,5.7817,7.9171,9.9513,13.051,18.284,29.238,48.087,74.927,107.22,152.94,208.85,260.43,334.68,418.06,497.32,602.84,691.59,800.05,912.21,1036.4,1166.6,1322.4,1491.6,1611.9,1744.5,1887.9,2032.3,2193.2,2352,2502.8,2639.7,2752.8,2882.6,3028.3,3178,3315.4,3441.7,3560.6,3674.3,3783.2,3907.3,4051.1
-0.00063721,0,-0.00056564,0.0030786,0.005693,0.0089137,0.0090771,0.0093847,0.009783,0.013562,0.017074,0.02311,0.030439,0.031181,0.031406,0.031714,0.031468,0.031391,0.031691,0.031832,0.034046,0.034684,0.037071,0.039486,0.039498,0.039776,0.04034,0.042823,0.043159,0.04382,0.047242,0.053642,0.05468,0.055854,0.071564,0.073339,0.11428,0.1158,0.11897,0.12312,0.14277,0.16502,0.18548,0.27416,0.39862,0.67496,1.0905,1.3798,1.9854,2.6076,3.1509,4.3245,5.8346,7.9899,10.042,13.17,18.451,29.507,48.531,75.629,108.23,154.38,210.82,262.88,337.82,421.95,501.92,608.4,697.95,807.38,920.55,1045.8,1177.2,1334.4,1505.1,1626.4,1760.3,1904.9,2050.6,2212.9,2373.1,2525.2,2663.3,2777.4,2908.3,3055.4,3206.4,3344.9,3472.4,3592.2,3706.9,3816.8,3941.9,4086.8
-0.0006432,0,-0.00057096,0.0031272,0.0057825,0.009054,0.0092193,0.0095322,0.0099364,0.013772,0.017339,0.023465,0.030908,0.031662,0.03189,0.032203,0.031953,0.031874,0.03218,0.032323,0.034571,0.035219,0.037642,0.040093,0.040106,0.040388,0.040961,0.043479,0.04382,0.044492,0.047967,0.054464,0.055518,0.056711,0.072671,0.074473,0.11605,0.1176,0.12082,0.12504,0.14505,0.16766,0.18849,0.27881,0.40553,0.68668,1.1098,1.404,2.0199,2.6525,3.2054,4.4,5.9358,8.1291,10.216,13.397,18.77,30.021,49.381,76.967,110.15,157.12,214.57,267.55,343.82,429.38,510.71,619.04,710.11,821.4,936.52,1063.9,1197.5,1357.4,1531,1654.4,1790.4,1937.5,2085.6,2250.7,2413.6,2568.3,2708.7,2824.6,2957.8,3107.4,3260.9,3401.7,3531.3,3653.1,3769.6,3881.3,4008.4,4155.8
-0.00068576,0,-0.00060874,0.0033743,0.0062387,0.0097687,0.0099458,0.010284,0.01072,0.014852,0.018699,0.025298,0.033327,0.03414,0.034386,0.034726,0.034455,0.03437,0.0347,0.034854,0.03728,0.037978,0.040589,0.04323,0.043243,0.043548,0.044167,0.046874,0.047242,0.047967,0.051716,0.058717,0.059854,0.061141,0.078367,0.08031,0.12516,0.12683,0.13032,0.13489,0.15656,0.18098,0.20356,0.30149,0.43885,0.74312,1.2017,1.5198,2.1858,2.8697,3.4685,4.7623,6.4235,8.7982,11.055,14.496,20.311,32.491,53.454,83.343,119.28,170.17,232.38,289.74,372.34,464.88,552.85,670.07,768.56,888.92,1013.5,1151.2,1295.7,1468.6,1656.3,1789.7,1936.8,2095.8,2256,2434.5,2610.5,2777.9,2929.6,3054.9,3198.8,3360.6,3526.5,3678.7,3818.7,3950.3,4076.2,4196.7,4334,4493.2
-0.00079176,0,-0.00070283,0.0038265,0.0070759,0.011079,0.011282,0.011664,0.012159,0.016856,0.021221,0.028723,0.037833,0.038755,0.039034,0.039417,0.039111,0.039015,0.039388,0.039564,0.042315,0.043108,0.046075,0.049077,0.049092,0.049437,0.050138,0.053225,0.053642,0.054464,0.058717,0.066671,0.067961,0.069421,0.088947,0.091153,0.14204,0.14393,0.14787,0.15302,0.17745,0.20511,0.23054,0.34078,0.49549,0.83898,1.3555,1.7151,2.4679,3.2412,3.9166,5.3754,7.2525,9.9315,12.482,16.37,22.934,36.678,60.326,94.009,134.53,191.9,262.05,326.77,419.92,524.49,623.89,756.26,867.56,1003.6,1144.3,1300,1463.2,1658.7,1870.8,2021.7,2188,2367.7,2548.8,2750.6,2949.7,3138.9,3310.5,3452.2,3615,3797.8,3985.5,4157.7,4316.1,4465.1,4607.6,4744.2,4899.7,5079.9
-0.00080522,0,-0.00071477,0.0039012,0.007214,0.011295,0.011502,0.011892,0.012397,0.017184,0.021634,0.029279,0.038566,0.039507,0.039791,0.040182,0.039869,0.039772,0.040152,0.040331,0.043136,0.043945,0.046969,0.050028,0.050043,0.050395,0.05111,0.054255,0.05468,0.055518,0.059854,0.067961,0.069277,0.070765,0.090674,0.092922,0.1448,0.14672,0.15074,0.156,0.18093,0.20914,0.23509,0.34759,0.50548,0.85591,1.383,1.7498,2.5177,3.3064,3.9955,5.484,7.3987,10.132,12.734,16.7,23.396,37.418,61.546,95.917,137.27,195.8,267.38,333.41,428.46,535.12,636.52,771.55,885.08,1023.8,1167.3,1326.2,1492.7,1692,1908.4,2062.3,2231.9,2415.3,2600,2805.8,3008.8,3201.8,3376.9,3521.4,3687.4,3873.9,4065.3,4240.9,4402.5,4554.4,4699.7,4839,4997.6,5181.3
-0.00081743,0,-0.00072561,0.0039869,0.007372,0.011543,0.011753,0.012152,0.012667,0.017556,0.022102,0.029909,0.039398,0.040358,0.040649,0.041049,0.04073,0.04063,0.041019,0.041202,0.044068,0.044894,0.047982,0.051106,0.051121,0.051481,0.052212,0.055419,0.055854,0.056711,0.061141,0.069421,0.070765,0.072285,0.092634,0.094932,0.14794,0.14991,0.15402,0.15941,0.18494,0.21378,0.24036,0.35566,0.51742,0.87615,1.4162,1.7915,2.5772,3.3841,4.0897,5.6142,7.5736,10.372,13.035,17.093,23.948,38.305,63.011,98.219,140.56,200.52,273.82,341.43,438.76,547.92,651.67,789.89,906.07,1048,1194.9,1357.4,1527.8,1731.8,1953.2,2110.6,2284.2,2471.8,2660.7,2871.3,3079.1,3276.5,3455.6,3603.4,3773.2,3964.1,4159.9,4339.4,4504.7,4660.1,4808.7,4951,5113.2,5301.1
-0.00097441,0,-0.00086496,0.0051359,0.0094894,0.014863,0.015121,0.015642,0.016299,0.022537,0.028381,0.038331,0.050528,0.051761,0.052138,0.052664,0.052248,0.052115,0.052627,0.052855,0.056542,0.057603,0.061545,0.065535,0.065555,0.066019,0.06696,0.071001,0.071564,0.072671,0.078367,0.088947,0.090674,0.092634,0.11889,0.12183,0.19,0.19254,0.19794,0.20502,0.23873,0.27605,0.31128,0.46436,0.67861,1.1493,1.8642,2.3542,3.3802,4.4321,5.3609,7.3715,9.9332,13.616,17.09,22.402,31.395,50.276,82.791,129.32,185.15,264.26,360.92,449.84,578.05,720.74,856.37,1037.6,1189.4,1374.9,1567.2,1779.3,2001.9,2268,2557.5,2762.9,2988.9,3233.6,3480.1,3754.7,4025.7,4283.2,4516.4,4708.7,4929.5,5179.4,5434.1,5667.5,5882.4,6084.1,6276.6,6460.9,6671,6914.5
-0.00099933,0,-0.00088708,0.0052629,0.0097243,0.01523,0.015496,0.01603,0.016702,0.023096,0.029084,0.039281,0.05178,0.053044,0.05343,0.05397,0.053544,0.053407,0.053932,0.054165,0.057944,0.059031,0.063071,0.067159,0.06718,0.067656,0.06862,0.072762,0.073339,0.074473,0.08031,0.091153,0.092922,0.094932,0.12183,0.12485,0.19471,0.19731,0.20284,0.2101,0.24463,0.28287,0.31897,0.47579,0.69528,1.1775,1.9099,2.412,3.4632,4.541,5.4926,7.5524,10.177,13.95,17.51,22.952,32.167,51.511,84.823,132.49,189.68,270.73,369.77,460.86,592.22,738.42,877.39,1063.1,1218.6,1408.7,1605.7,1823,2051.1,2323.7,2620.3,2830.8,3062.4,3313.1,3565.6,3847,4124.7,4388.6,4627.5,4824.5,5050.8,5306.8,5567.8,5806.9,6027.1,6233.8,6431.1,6619.9,6835.2,7084.7
-0.0014982,0,-0.0013299,0.008223,0.015188,0.023791,0.024195,0.025036,0.02608,0.036023,0.04537,0.061215,0.080724,0.082695,0.0833,0.084151,0.083482,0.083265,0.084093,0.084453,0.090352,0.092048,0.098331,0.10469,0.10472,0.10547,0.10697,0.11337,0.11428,0.11605,0.12516,0.14204,0.1448,0.14794,0.19,0.19471,0.30376,0.30784,0.31656,0.328,0.38262,0.4425,0.49969,0.74838,1.096,1.8565,3.0162,3.8059,5.4595,7.1535,8.6563,11.912,16.043,22,27.598,36.168,50.697,81.232,133.83,209.26,299.64,427.79,584.32,728.12,935.64,1165.7,1384.4,1677.1,1921.8,2220.9,2531.2,2872.9,3231.9,3660.5,4127.3,4458.3,4822.1,5216.4,5613.3,6055.7,6492.3,6907.1,7282.4,7591.7,7947,8350.2,8760,9135.2,9480.9,9805.2,10114,10410,10747,11138
-0.0015132,0,-0.0013432,0.0083343,0.015393,0.024113,0.024522,0.025374,0.026432,0.036506,0.045978,0.062031,0.081801,0.083799,0.084412,0.085276,0.084598,0.084377,0.085217,0.085581,0.09156,0.093278,0.099645,0.10609,0.10612,0.10688,0.1084,0.11488,0.1158,0.1176,0.12683,0.14393,0.14672,0.14991,0.19254,0.19731,0.30784,0.31197,0.32081,0.33242,0.38783,0.44853,0.50656,0.75893,1.1117,1.883,3.0597,3.8605,5.5375,7.2552,8.7797,12.083,16.272,22.315,27.992,36.684,51.42,82.394,135.75,212.28,303.98,433.98,592.78,738.65,949.17,1182.5,1404.3,1701.2,1949.3,2252.7,2567.4,2913.9,3277.9,3712.6,4186,4521.6,4890.6,5290.4,5692.8,6141.5,6584.2,7004.9,7385.4,7698.9,8059.2,8468.2,8883.7,9264.1,9614.6,9943.4,10257,10556,10898,11295
-0.0015078,0,-0.0013385,0.0085801,0.015843,0.02482,0.025233,0.026114,0.027199,0.037533,0.047276,0.063735,0.084072,0.086126,0.086758,0.087655,0.086954,0.086724,0.087596,0.087966,0.094118,0.095884,0.10242,0.10903,0.10906,0.10984,0.11141,0.11802,0.11897,0.12082,0.13032,0.14787,0.15074,0.15402,0.19794,0.20284,0.31656,0.32081,0.32998,0.34202,0.39958,0.46219,0.52256,0.78527,1.1522,1.9517,3.1753,4.0039,5.7393,7.5156,9.0976,12.528,16.865,23.135,29.008,38.01,53.284,85.419,140.79,220.32,315.54,450.58,615.48,766.81,985.35,1226.9,1456.5,1764.2,2021,2334.9,2660.9,3019.3,3396.1,3845.7,4335.8,4683,5064.4,5478,5894.2,6358.2,6816.2,7251.3,7644.6,7968.6,8340.8,8764.5,9193.8,9586.7,9948.9,10288,10612,10921,11274,11682
-0.0014958,0,-0.0013277,0.0089037,0.016434,0.02575,0.026168,0.027089,0.028208,0.038881,0.04898,0.065966,0.087047,0.089175,0.089833,0.090772,0.090041,0.089799,0.090713,0.09109,0.09747,0.0993,0.10605,0.11288,0.11291,0.11372,0.11535,0.12213,0.12312,0.12504,0.13489,0.15302,0.156,0.15941,0.20502,0.2101,0.328,0.33242,0.34202,0.35463,0.41509,0.4802,0.54371,0.82033,1.2062,2.0434,3.3301,4.1957,6.0086,7.8629,9.522,13.123,17.657,24.231,30.364,39.779,55.772,89.458,147.52,231.09,331.01,472.79,645.88,804.51,1033.8,1286.3,1526.3,1848.3,2116.7,2444.8,2785.8,3160.1,3553.9,4023.3,4535.6,4898.2,5296.2,5728,6162.6,6647.1,7125.4,7579.7,7990,8327.8,8715.9,9159,9606.7,10016,10394,10748,11084,11405,11773,12198
-0.0013727,0,-0.0012185,0.010462,0.019275,0.030223,0.030653,0.03177,0.033049,0.045304,0.057107,0.076543,0.10118,0.10366,0.10445,0.1056,0.10473,0.10442,0.10554,0.10595,0.11342,0.11556,0.12331,0.13117,0.13121,0.13216,0.13407,0.1416,0.14277,0.14505,0.15656,0.17745,0.18093,0.18494,0.23873,0.24463,0.38262,0.38783,0.39958,0.41509,0.49013,0.56748,0.64693,0.99427,1.4764,2.5023,4.1082,5.1571,7.3555,9.595,11.642,16.101,21.613,29.716,37.141,48.613,68.203,109.68,181.28,285.22,408.88,584.68,798.99,994.31,1277.6,1584.4,1876.1,2270.1,2595.9,2994.2,3410,3863.1,4341.3,4909.2,5531.8,5970.8,6450.4,6973.1,7498.2,8084.1,8662.9,9212.3,9706.4,10112,10579,11119,11657,12148,12602,13025,13426,13807,14245,14752
-0.0015478,0,-0.001374,0.012107,0.022303,0.034973,0.035464,0.036761,0.038236,0.052389,0.066041,0.088478,0.11698,0.11985,0.12076,0.1221,0.12108,0.12073,0.12203,0.1225,0.13114,0.13361,0.14256,0.15164,0.15169,0.15279,0.155,0.16367,0.16502,0.16766,0.18098,0.20511,0.20914,0.21378,0.27605,0.28287,0.4425,0.44853,0.46219,0.4802,0.56748,0.65707,0.74954,1.1539,1.7149,2.9066,4.7751,5.9923,8.5436,11.142,13.521,18.706,25.104,34.522,43.137,56.458,79.213,127.41,210.63,331.53,475.3,679.73,928.9,1155.9,1485.2,1841.3,2179.9,2637.6,3015.7,3478,3960.8,4486.6,5041.6,5700.5,6423.3,6932.7,7489,8095.5,8704.7,9384.5,10056,10694,11267,11737,12278,12906,13530,14099,14625,15116,15580,16022,16530,17117
-0.0013643,0,-0.001211,0.013749,0.025294,0.039684,0.04018,0.041688,0.043327,0.059108,0.074547,0.099494,0.13173,0.13497,0.13601,0.13759,0.13641,0.13599,0.13752,0.13802,0.14781,0.1506,0.16058,0.17072,0.17077,0.17203,0.17453,0.18393,0.18548,0.18849,0.20356,0.23054,0.23509,0.24036,0.31128,0.31897,0.49969,0.50656,0.52256,0.54371,0.64693,0.74954,0.85948,1.3415,2.008,3.4045,5.6227,7.0377,10.005,13.018,15.819,21.942,29.397,40.479,50.487,66.034,92.693,149.37,247.33,390.52,560.18,801.77,1095.9,1362.8,1751,2165.9,2560.2,3096.1,3536.1,4074.2,4638,5248.8,5894.8,6659.9,7501.9,8093.7,8737.8,9442,10149,10938,11718,12458,13121,13665,14289,15022,15744,16400,17008,17573,18105,18611,19194,19868
-0.00045088,0,-0.00040024,0.020914,0.03833,0.060228,0.060726,0.063167,0.065504,0.088308,0.11152,0.14727,0.19577,0.2006,0.20222,0.20485,0.20298,0.20224,0.20479,0.20539,0.22018,0.22435,0.2388,0.25351,0.25359,0.25553,0.25932,0.27174,0.27416,0.27881,0.30149,0.34078,0.34759,0.35566,0.46436,0.47579,0.74838,0.75893,0.78527,0.82033,0.99427,1.1539,1.3415,2.1689,3.3042,5.6062,9.3778,11.665,16.466,21.306,25.976,36.258,48.377,66.831,82.978,108.36,152.28,246.49,409.76,651.86,936.33,1342.7,1836.3,2280,2929.1,3603,4243.7,5124.9,5838.1,6710.8,7632.5,8617.6,9665.6,10898,12267,13221,14252,15387,16524,17794,19051,20243,21303,22168,23162,24360,25509,26549,27515,28409,29239,30027,30939,31994
0.00061204,0,0.00054329,0.030886,0.056495,0.08884,0.089374,0.093095,0.096426,0.12916,0.16323,0.21428,0.28549,0.29256,0.29499,0.29905,0.29622,0.29505,0.29898,0.29976,0.32152,0.32763,0.34838,0.36954,0.36966,0.37255,0.37812,0.39501,0.39862,0.40553,0.43885,0.49549,0.50548,0.51742,0.67861,0.69528,1.096,1.1117,1.1522,1.2062,1.4764,1.7149,2.008,3.3042,5.0763,8.616,14.499,17.983,25.299,32.649,39.869,55.815,74.325,102.84,127.41,166.25,233.77,379.2,631.54,1008.2,1449.1,2079.8,2845.2,3530.2,4534.9,5563.9,6542.2,7895.6,8983.4,10315,11726,13226,14824,16699,18789,20242,21804,23531,25258,27189,29101,30913,32519,33826,35329,37163,38901,40471,41930,43276,44519,45695,47064,48645
0.0011323,0,0.0010051,0.052335,0.095717,0.15052,0.15141,0.15773,0.16336,0.21875,0.27647,0.36285,0.48346,0.49544,0.49956,0.50646,0.50166,0.49967,0.50635,0.50765,0.54452,0.55486,0.58999,0.62579,0.626,0.6309,0.64034,0.66884,0.67496,0.68668,0.74312,0.83898,0.85591,0.87615,1.1493,1.1775,1.8565,1.883,1.9517,2.0434,2.5023,2.9066,3.4045,5.6062,8.616,14.624,24.615,30.526,42.94,55.409,67.668,94.743,126.15,174.56,216.25,282.17,396.77,643.66,1072.1,1711.7,2460.3,3531.3,4830.9,5993.7,7699.5,9445.7,11106,13403,15249,17508,19903,22447,25160,28341,31886,34351,37001,39932,42861,46137,49382,52456,55180,57397,59946,63059,66005,68668,71144,73425,75533,77528,79848,82528
0.0045245,0,0.0040163,0.08557,0.15627,0.24589,0.24693,0.25749,0.26645,0.35504,0.44898,0.58658,0.7829,0.80235,0.80915,0.82079,0.81281,0.80941,0.82068,0.82256,0.88267,0.89947,0.95568,1.013,1.0134,1.0214,1.0368,1.0804,1.0905,1.1098,1.2017,1.3555,1.383,1.4162,1.8642,1.9099,3.0162,3.0597,3.1753,3.3301,4.1082,4.7751,5.6227,9.3778,14.499,24.615,41.606,51.492,72.263,93.073,113.79,159.65,212.29,294.06,363.75,474.39,667.31,1084.2,1808.1,2894,4161.4,5976.6,8177.4,10141,13026,15952,18734,22598,25688,29472,33494,37745,42288,47603,53544,57664,62081,66978,71868,77341,82763,87898,92435,96122,1.0036e+05,1.0559e+05,1.1049e+05,1.1491e+05,1.1903e+05,1.2282e+05,1.263e+05,1.2959e+05,1.3342e+05,1.3786e+05
0.0040332,0,0.0035802,0.10764,0.19671,0.30944,0.311,0.32414,0.33556,0.44823,0.56666,0.74199,0.98949,1.014,1.0226,1.037,1.027,1.0228,1.0368,1.0393,1.115,1.1362,1.2077,1.2806,1.281,1.2911,1.3105,1.3672,1.3798,1.404,1.5198,1.7151,1.7498,1.7915,2.3542,2.412,3.8059,3.8605,4.0039,4.1957,5.1571,5.9923,7.0377,11.665,17.983,30.526,51.492,63.79,89.623,115.54,141.18,197.88,263.3,364.52,451.24,588.64,827.86,1344,2240.1,3581.2,5148.5,7392,10113,12544,16114,19750,23208,28001,31843,36547,41541,46831,52479,59094,66478,71605,77108,83202,89291,96103,1.0285e+05,1.0924e+05,1.149e+05,1.195e+05,1.2479e+05,1.3128e+05,1.3739e+05,1.4291e+05,1.4805e+05,1.5277e+05,1.5713e+05,1.6125e+05,1.6605e+05,1.7159e+05
0.0031186,0,0.0027683,0.15386,0.28143,0.44256,0.44521,0.46375,0.48034,0.64335,0.81308,1.0673,1.422,1.4572,1.4693,1.4896,1.4755,1.4696,1.4892,1.4931,1.6015,1.6319,1.7353,1.8406,1.8412,1.8556,1.8834,1.9674,1.9854,2.0199,2.1858,2.4679,2.5177,2.5772,3.3802,3.4632,5.4595,5.5375,5.7393,6.0086,7.3555,8.5436,10.005,16.466,25.299,42.94,72.263,89.623,126.08,162.71,198.7,278.17,370.42,512.52,634.97,828.56,1165,1889.9,3147.5,5025,7222.5,10366,14181,17595,22602,27730,32606,39351,44772,51407,58441,65912,73880,83223,93636,1.0088e+05,1.0866e+05,1.1727e+05,1.2587e+05,1.355e+05,1.4503e+05,1.5405e+05,1.6206e+05,1.6857e+05,1.7606e+05,1.852e+05,1.9385e+05,2.0168e+05,2.0895e+05,2.1565e+05,2.2185e+05,2.2771e+05,2.3453e+05,2.4241e+05
0.0014046,0,0.0012469,0.20106,0.36799,0.57854,0.58243,0.60641,0.62834,0.84333,1.0656,1.4014,1.8658,1.912,1.9277,1.9538,1.9355,1.928,1.9533,1.9586,2.1004,2.1403,2.2766,2.4154,2.4162,2.435,2.4713,2.5842,2.6076,2.6525,2.8697,3.2412,3.3064,3.3841,4.4321,4.541,7.1535,7.2552,7.5156,7.8629,9.595,11.142,13.018,21.306,32.649,55.409,93.073,115.54,162.71,210.15,256.5,358.77,478.03,661.09,819.59,1069.7,1503.9,2437.9,4057.9,6471.3,9299.5,13344,18253,22652,29099,35730,42034,50738,57750,66332,75419,85089,95394,1.0749e+05,1.2095e+05,1.3032e+05,1.4041e+05,1.5155e+05,1.627e+05,1.7516e+05,1.8749e+05,1.9918e+05,2.0956e+05,2.18e+05,2.2772e+05,2.3953e+05,2.5075e+05,2.6091e+05,2.7034e+05,2.7905e+05,2.8711e+05,2.9474e+05,3.036e+05,3.1385e+05
0.0036417,0,0.0032326,0.24369,0.44585,0.70105,0.70545,0.7347,0.76109,1.0202,1.2893,1.6937,2.2559,2.3117,2.3309,2.3627,2.3405,2.3313,2.3622,2.3684,2.5402,2.5884,2.7527,2.9201,2.9211,2.9439,2.9879,3.1225,3.1509,3.2054,3.4685,3.9166,3.9955,4.0897,5.3609,5.4926,8.6563,8.7797,9.0976,9.522,11.642,13.521,15.819,25.976,39.869,67.668,113.79,141.18,198.7,256.5,313.17,438.27,583.75,807.53,1000.7,1306,1836.2,2977.8,4958.3,7912.5,11372,16320,22325,27702,35586,43673,51363,61992,70543,81010,92099,1.0389e+05,1.1645e+05,1.312e+05,1.4762e+05,1.5904e+05,1.7133e+05,1.8491e+05,1.9849e+05,2.1368e+05,2.2871e+05,2.4296e+05,2.5559e+05,2.6588e+05,2.777e+05,2.9212e+05,3.0578e+05,3.1814e+05,3.2963e+05,3.4022e+05,3.5001e+05,3.5928e+05,3.7006e+05,3.8251e+05
0.010105,0,0.0089698,0.33639,0.61498,0.96727,0.97255,1.0134,1.0493,1.4033,1.7738,2.3252,3.0995,3.1763,3.2029,3.2476,3.2166,3.2037,3.247,3.2551,3.4919,3.5582,3.7827,4.0116,4.0129,4.0445,4.1051,4.2851,4.3245,4.4,4.7623,5.3754,5.484,5.6142,7.3715,7.5524,11.912,12.083,12.528,13.123,16.101,18.706,21.942,36.258,55.815,94.743,159.65,197.88,278.17,358.77,438.27,613.99,817.23,1131.1,1400.7,1827.4,2569.9,4170.8,6949.1,11103,15961,22912,31346,38885,49952,61250,71991,86871,98811,1.1343e+05,1.2894e+05,1.4538e+05,1.6293e+05,1.835e+05,2.0644e+05,2.2238e+05,2.395e+05,2.5845e+05,2.7738e+05,2.9857e+05,3.1954e+05,3.3942e+05,3.5701e+05,3.7133e+05,3.8779e+05,4.0795e+05,4.2697e+05,4.4416e+05,4.6015e+05,4.7487e+05,4.8845e+05,5.013e+05,5.1626e+05,5.3354e+05
0.0090666,0,0.0080482,0.45213,0.82698,1.3005,1.3083,1.3627,1.4115,1.8906,2.3893,3.1365,4.1787,4.2823,4.3179,4.3773,4.3359,4.3188,4.3763,4.3877,4.7062,4.7956,5.0994,5.409,5.4108,5.4531,5.5347,5.7817,5.8346,5.9358,6.4235,7.2525,7.3987,7.5736,9.9332,10.177,16.043,16.272,16.865,17.657,21.613,25.104,29.397,48.377,74.325,126.15,212.29,263.3,370.42,478.03,583.75,817.23,1088.2,1505.7,1865.5,2434.2,3422.8,5552.2,9246.9,14762,21218,30453,41660,51689,66400,81467,95791,1.1561e+05,1.3153e+05,1.5103e+05,1.7169e+05,1.9364e+05,2.1705e+05,2.445e+05,2.751e+05,2.9637e+05,3.1924e+05,3.4452e+05,3.698e+05,3.9808e+05,4.2608e+05,4.5261e+05,4.7611e+05,4.9525e+05,5.1725e+05,5.4411e+05,5.6954e+05,5.9253e+05,6.139e+05,6.3359e+05,6.5179e+05,6.6902e+05,6.8905e+05,7.1219e+05
0.017334,0,0.015387,0.62099,1.1354,1.7858,1.7957,1.871,1.9375,2.5919,3.2761,4.2957,5.7256,5.8676,5.9166,5.9989,5.9418,5.918,5.9977,6.0128,6.45,6.5726,6.9876,7.4107,7.4132,7.4714,7.5834,7.9171,7.9899,8.1291,8.7982,9.9315,10.132,10.372,13.616,13.95,22,22.315,23.135,24.231,29.716,34.522,40.479,66.831,102.84,174.56,294.06,364.52,512.52,661.09,807.53,1131.1,1505.7,2083.9,2580.8,3367.2,4735.1,7683.9,12801,20450,29396,42198,57729,71617,91999,1.1282e+05,1.3262e+05,1.6003e+05,1.8204e+05,2.0898e+05,2.3756e+05,2.6787e+05,3.0022e+05,3.3813e+05,3.8041e+05,4.0979e+05,4.4136e+05,4.7628e+05,5.1119e+05,5.5024e+05,5.8891e+05,6.2554e+05,6.5798e+05,6.8438e+05,7.1473e+05,7.5187e+05,7.8696e+05,8.1866e+05,8.4813e+05,8.7528e+05,9.0034e+05,9.2405e+05,9.5164e+05,9.8352e+05
0.01321,0,0.011726,0.77727,1.4219,2.2359,2.2497,2.3431,2.4271,3.2525,4.1103,5.398,7.1906,7.3687,7.4298,7.5317,7.4606,7.4313,7.53,7.5496,8.0974,8.2512,8.7745,9.3078,9.3109,9.3836,9.5239,9.9513,10.042,10.216,11.055,12.482,12.734,13.035,17.09,17.51,27.598,27.992,29.008,30.364,37.141,43.137,50.487,82.978,127.41,216.25,363.75,451.24,634.97,819.59,1000.7,1400.7,1865.5,2580.8,3198,4173.2,5867.7,9516.8,15848,25294,36353,52173,71372,88558,1.1376e+05,1.396e+05,1.6417e+05,1.9813e+05,2.2545e+05,2.5889e+05,2.9432e+05,3.3197e+05,3.7212e+05,4.1921e+05,4.7167e+05,5.0816e+05,5.4741e+05,5.9078e+05,6.3415e+05,6.8266e+05,7.3069e+05,7.762e+05,8.1654e+05,8.4938e+05,8.8714e+05,9.3319e+05,9.7683e+05,1.0163e+06,1.053e+06,1.0868e+06,1.118e+06,1.1476e+06,1.182e+06,1.2218e+06
