0,0,0,0,0,0,0,0,0,0,0,0,0,0,0,0,0,0,0,0,0,0,0,0,0,0,0,0,0,0,0,0,0,0,0,0,0,0,0,0,0,0,0,0,0,0,0,0,0,0,0,0,0,0,0,0,0,0,0,0,0,0,0,0,0,0,0,0,0,0,0,0,0,0,0,0,0,0,0,0,0,0,0,0,0,0,0,0,0,0,0,0,0,0
0,0,0,0,0,0,0,0,0,0,0,0,0,0,0,0,0,0,0,0,0,0,0,0,0,0,0,0,0,0,0,0,0,0,0,0,0,0,0,0,0,0,0,0,0,0,0,0,0,0,0,0,0,0,0,0,0,0,0,0,0,0,0,0,0,0,0,0,0,0,0,0,0,0,0,0,0,0,0,0,0,0,0,0,0,0,0,0,0,0,0,0,0,0
0,0,4.9187e-05,0,0,0,0,0,0,0,0,0,-0.0012406,-0.0012451,-0.0012569,-0.0012479,-0.0012497,-0.0012589,-0.0010997,-0.0012488,-0.0013623,-0.0013686,-0.0014697,-0.0015739,-0.0015739,-0.0015855,-0.0015848,-0.0017348,-0.0017507,-0.001754,-0.0018828,-0.0022022,-0.0022093,-0.0022258,-0.0027565,-0.0028463,-0.0044745,-0.0044973,-0.0045818,-0.0046603,-0.0049684,-0.0057032,-0.0060021,-0.0064679,-0.0074485,-0.011741,-0.014463,-0.020409,-0.033286,-0.046936,-0.054067,-0.066531,-0.096206,-0.1239,-0.1677,-0.2255,-0.30839,-0.45029,-0.6809,-0.88615,-1.2209,-1.6462,-2.2125,-2.8741,-3.6868,-5.2992,-6.8231,-8.5018,-10.254,-12.396,-14.359,-16.983,-19.559,-22.877,-26.113,-28.638,-31.687,-34.703,-37.812,-41.224,-44.545,-47.739,-50.895,-53.625,-56.782,-59.293,-62.879,-66.306,-69.371,-72.458,-75.724,-78.944,-82.388,-86.418
0,0,0,0,0,0,0,0,0,0,0,0,0,0,0,0,0,0,0,0,0,0,0,0,0,0,0,0,0,0,0,0,0,0,0,0,0,0,0,0,0,0,0,0,0,0,0,0,0,0,0,0,0,0,0,0,0,0,0,0,0,0,0,0,0,0,0,0,0,0,0,0,0,0,0,0,0,0,0,0,0,0,0,0,0,0,0,0,0,0,0,0,0,0
0,0,0,0,0,0,0,0,0,0,0,0,0,0,0,0,0,0,0,0,0,0,0,0,0,0,0,0,0,0,0,0,0,0,0,0,0,0,0,0,0,0,0,0,0,0,0,0,0,0,0,0,0,0,0,0,0,0,0,0,0,0,0,0,0,0,0,0,0,0,0,0,0,0,0,0,0,0,0,0,0,0,0,0,0,0,0,0,0,0,0,0,0,0
0,0,0,0,0,0,0,0,0,0,0,0,0,0,0,0,0,0,0,0,0,0,0,0,0,0,0,0,0,0,0,0,0,0,0,0,0,0,0,0,0,0,0,0,0,0,0,0,0,0,0,0,0,0,0,0,0,0,0,0,0,0,0,0,0,0,0,0,0,0,0,0,0,0,0,0,0,0,0,0,0,0,0,0,0,0,0,0,0,0,0,0,0,0
0,0,0,0,0,0,0,0,0,0,0,0,0,0,0,0,0,0,0,0,0,0,0,0,0,0,0,0,0,0,0,0,0,0,0,0,0,0,0,0,0,0,0,0,0,0,0,0,0,0,0,0,0,0,0,0,0,0,0,0,0,0,0,0,0,0,0,0,0,0,0,0,0,0,0,0,0,0,0,0,0,0,0,0,0,0,0,0,0,0,0,0,0,0
0,0,0,0,0,0,0,0,0,0,0,0,0,0,0,0,0,0,0,0,0,0,0,0,0,0,0,0,0,0,0,0,0,0,0,0,0,0,0,0,0,0,0,0,0,0,0,0,0,0,0,0,0,0,0,0,0,0,0,0,0,0,0,0,0,0,0,0,0,0,0,0,0,0,0,0,0,0,0,0,0,0,0,0,0,0,0,0,0,0,0,0,0,0
0,0,0,0,0,0,0,0,0,0,0,0,0,0,0,0,0,0,0,0,0,0,0,0,0,0,0,0,0,0,0,0,0,0,0,0,0,0,0,0,0,0,0,0,0,0,0,0,0,0,0,0,0,0,0,0,0,0,0,0,0,0,0,0,0,0,0,0,0,0,0,0,0,0,0,0,0,0,0,0,0,0,0,0,0,0,0,0,0,0,0,0,0,0
0,0,0,0,0,0,0,0,0,0,0,0,0,0,0,0,0,0,0,0,0,0,0,0,0,0,0,0,0,0,0,0,0,0,0,0,0,0,0,0,0,0,0,0,0,0,0,0,0,0,0,0,0,0,0,0,0,0,0,0,0,0,0,0,0,0,0,0,0,0,0,0,0,0,0,0,0,0,0,0,0,0,0,0,0,0,0,0,0,0,0,0,0,0
0,0,0,0,0,0,0,0,0,0,0,0,0,0,0,0,0,0,0,0,0,0,0,0,0,0,0,0,0,0,0,0,0,0,0,0,0,0,0,0,0,0,0,0,0,0,0,0,0,0,0,0,0,0,0,0,0,0,0,0,0,0,0,0,0,0,0,0,0,0,0,0,0,0,0,0,0,0,0,0,0,0,0,0,0,0,0,0,0,0,0,0,0,0
0,0,0,0,0,0,0,0,0,0,0,0,0,0,0,0,0,0,0,0,0,0,0,0,0,0,0,0,0,0,0,0,0,0,0,0,0,0,0,0,0,0,0,0,0,0,0,0,0,0,0,0,0,0,0,0,0,0,0,0,0,0,0,0,0,0,0,0,0,0,0,0,0,0,0,0,0,0,0,0,0,0,0,0,0,0,0,0,0,0,0,0,0,0
0,0,-0.0012406,0,0,0,0,0,0,0,0,0,0.031292,0.031405,0.031703,0.031476,0.03152,0.031753,0.027738,0.031498,0.034362,0.034521,0.037069,0.039699,0.039697,0.039991,0.039973,0.043755,0.044157,0.04424,0.04749,0.055545,0.055725,0.05614,0.069526,0.071792,0.11286,0.11343,0.11557,0.11755,0.12532,0.14385,0.15139,0.16314,0.18787,0.29615,0.36478,0.51477,0.83955,1.1838,1.3637,1.6781,2.4266,3.125,4.2299,5.6878,7.7784,11.357,17.174,22.351,30.795,41.521,55.804,72.492,92.992,133.66,172.1,214.44,258.64,312.66,362.16,428.35,493.33,577.01,658.63,722.33,799.24,875.31,953.72,1039.8,1123.5,1204.1,1283.7,1352.6,1432.2,1495.5,1586,1672.4,1749.7,1827.6,1910,1991.2,2078.1,2179.7
0,0,-0.0012451,0,0,0,0,0,0,0,0,0,0.031405,0.031519,0.031818,0.03159,0.031634,0.031868,0.027838,0.031612,0.034486,0.034646,0.037203,0.039843,0.039841,0.040136,0.040118,0.043914,0.044317,0.0444,0.047662,0.055746,0.055927,0.056343,0.069778,0.072052,0.11327,0.11385,0.11599,0.11797,0.12577,0.14437,0.15194,0.16373,0.18855,0.29722,0.36611,0.51664,0.8426,1.1881,1.3687,1.6842,2.4354,3.1363,4.2453,5.7084,7.8067,11.399,17.236,22.432,30.907,41.671,56.006,72.755,93.329,134.14,172.72,215.21,259.57,313.8,363.48,429.9,495.12,579.1,661.02,724.95,802.14,878.48,957.18,1043.6,1127.6,1208.5,1288.4,1357.5,1437.4,1500.9,1591.7,1678.5,1756.1,1834.2,1916.9,1998.4,2085.6,2187.6
0,0,-0.0012569,0,0,0,0,0,0,0,0,0,0.031703,0.031818,0.03212,0.031889,0.031934,0.03217,0.028102,0.031912,0.034813,0.034975,0.037556,0.04022,0.040219,0.040517,0.040499,0.04433,0.044737,0.044821,0.048114,0.056275,0.056457,0.056877,0.070439,0.072735,0.11434,0.11493,0.11708,0.11909,0.12696,0.14574,0.15338,0.16528,0.19034,0.30004,0.36958,0.52154,0.85059,1.1994,1.3816,1.7001,2.4585,3.1661,4.2855,5.7625,7.8807,11.507,17.4,22.645,31.2,42.066,56.538,73.445,94.214,135.42,174.36,217.25,262.04,316.77,366.92,433.98,499.82,584.59,667.29,731.82,809.74,886.81,966.25,1053.5,1138.3,1219.9,1300.6,1370.3,1451,1515.2,1606.8,1694.4,1772.7,1851.6,1935.1,2017.3,2105.4,2208.3
0,0,-0.0012479,0,0,0,0,0,0,0,0,0,0.031476,0.03159,0.031889,0.031661,0.031705,0.031939,0.027901,0.031683,0.034564,0.034724,0.037287,0.039932,0.039931,0.040226,0.040208,0.044012,0.044416,0.0445,0.047769,0.055871,0.056052,0.05647,0.069934,0.072214,0.11352,0.1141,0.11625,0.11824,0.12605,0.14469,0.15228,0.1641,0.18898,0.29789,0.36693,0.5178,0.84449,1.1908,1.3717,1.688,2.4408,3.1434,4.2548,5.7212,7.8242,11.424,17.275,22.482,30.976,41.765,56.132,72.919,93.539,134.45,173.11,215.7,260.16,314.5,364.29,430.87,496.24,580.4,662.51,726.57,803.94,880.46,959.33,1045.9,1130.1,1211.2,1291.3,1360.5,1440.6,1504.3,1595.3,1682.3,1760,1838.3,1921.2,2002.9,2090.3,2192.5
0,0,-0.0012497,0,0,0,0,0,0,0,0,0,0.03152,0.031634,0.031934,0.031705,0.031749,0.031984,0.02794,0.031727,0.034612,0.034772,0.037339,0.039988,0.039986,0.040282,0.040264,0.044074,0.044478,0.044562,0.047835,0.055949,0.05613,0.056548,0.070032,0.072314,0.11368,0.11426,0.11641,0.1184,0.12623,0.1449,0.15249,0.16433,0.18924,0.29831,0.36744,0.51852,0.84566,1.1925,1.3736,1.6903,2.4442,3.1477,4.2607,5.7291,7.8351,11.44,17.299,22.514,31.019,41.823,56.21,73.02,93.669,134.63,173.35,216,260.52,314.94,364.8,431.47,496.93,581.21,663.43,727.59,805.06,881.68,960.66,1047.4,1131.7,1212.9,1293.1,1362.4,1442.6,1506.4,1597.5,1684.6,1762.5,1840.9,1923.9,2005.7,2093.2,2195.5
0,0,-0.0012589,0,0,0,0,0,0,0,0,0,0.031753,0.031868,0.03217,0.031939,0.031984,0.03222,0.028146,0.031962,0.034868,0.035029,0.037615,0.040283,0.040282,0.04058,0.040562,0.044399,0.044807,0.044891,0.048189,0.056363,0.056545,0.056966,0.070549,0.072849,0.11452,0.1151,0.11727,0.11928,0.12716,0.14597,0.15362,0.16554,0.19064,0.30051,0.37016,0.52235,0.85192,1.2013,1.3838,1.7028,2.4623,3.171,4.2922,5.7715,7.893,11.525,17.427,22.68,31.249,42.132,56.626,73.56,94.361,135.63,174.63,217.59,262.45,317.27,367.5,434.66,500.6,585.51,668.33,732.97,811.01,888.2,967.76,1055.1,1140.1,1221.8,1302.6,1372.5,1453.3,1517.5,1609.3,1697.1,1775.5,1854.5,1938.1,2020.5,2108.7,2211.8
0,0,-0.0010997,0,0,0,0,0,0,0,0,0,0.027738,0.027838,0.028102,0.027901,0.02794,0.028146,0.024587,0.02792,0.030459,0.0306,0.032859,0.03519,0.035189,0.035449,0.035433,0.038785,0.039142,0.039215,0.042096,0.049236,0.049395,0.049763,0.061629,0.063638,0.10004,0.10055,0.10244,0.10419,0.11108,0.12751,0.13419,0.14461,0.16653,0.26251,0.32335,0.4563,0.7442,1.0494,1.2088,1.4875,2.151,2.77,3.7495,5.0417,6.895,10.067,15.223,19.812,27.298,36.805,49.466,64.259,82.43,118.48,152.55,190.08,229.26,277.15,321.03,379.7,437.3,511.47,583.83,640.29,708.46,775.89,845.4,921.69,995.92,1067.3,1137.9,1198.9,1269.5,1325.7,1405.8,1482.5,1551,1620,1693,1765,1842,1932.1
0,0,-0.0012488,0,0,0,0,0,0,0,0,0,0.031498,0.031612,0.031912,0.031683,0.031727,0.031962,0.02792,0.031705,0.034588,0.034748,0.037313,0.03996,0.039959,0.040254,0.040236,0.044043,0.044448,0.044531,0.047802,0.05591,0.056091,0.056509,0.069983,0.072264,0.1136,0.11418,0.11633,0.11832,0.12614,0.1448,0.15239,0.16421,0.18911,0.2981,0.36719,0.51816,0.84508,1.1916,1.3727,1.6891,2.4425,3.1456,4.2578,5.7252,7.8296,11.432,17.287,22.498,30.998,41.794,56.171,72.969,93.604,134.54,173.23,215.85,260.34,314.72,364.55,431.17,496.58,580.81,662.97,727.08,804.5,881.07,960,1046.6,1130.9,1212,1292.2,1361.5,1441.6,1505.4,1596.4,1683.4,1761.2,1839.6,1922.5,2004.3,2091.7,2194
0,0,-0.0013623,0,0,0,0,0,0,0,0,0,0.034362,0.034486,0.034813,0.034564,0.034612,0.034868,0.030459,0.034588,0.037733,0.037908,0.040706,0.043593,0.043592,0.043914,0.043895,0.048048,0.048489,0.04858,0.052149,0.060994,0.061191,0.061647,0.076346,0.078835,0.12393,0.12456,0.1269,0.12908,0.13761,0.15796,0.16624,0.17914,0.2063,0.3252,0.40057,0.56527,0.92191,1.3,1.4975,1.8427,2.6646,3.4316,4.6449,6.2457,8.5415,12.472,18.859,24.544,33.816,45.594,61.279,79.604,102.11,146.77,188.98,235.47,284.01,343.33,397.69,470.37,541.73,633.62,723.25,793.19,877.65,961.18,1047.3,1141.8,1233.8,1322.2,1409.6,1485.3,1572.7,1642.2,1741.6,1836.5,1921.4,2006.9,2097.3,2186.5,2281.9,2393.5
0,0,-0.0013686,0,0,0,0,0,0,0,0,0,0.034521,0.034646,0.034975,0.034724,0.034772,0.035029,0.0306,0.034748,0.037908,0.038083,0.040894,0.043795,0.043794,0.044118,0.044098,0.04827,0.048714,0.048805,0.05239,0.061277,0.061475,0.061933,0.0767,0.0792,0.1245,0.12514,0.12749,0.12968,0.13825,0.15869,0.16701,0.17997,0.20726,0.32671,0.40243,0.56789,0.92619,1.306,1.5044,1.8513,2.677,3.4475,4.6664,6.2747,8.5811,12.529,18.946,24.658,33.973,45.805,61.563,79.973,102.59,147.45,189.86,236.57,285.33,344.93,399.54,472.55,544.24,636.55,726.6,796.87,881.72,965.64,1052.1,1147.1,1239.5,1328.4,1416.2,1492.1,1580,1649.9,1749.6,1845,1930.3,2016.2,2107.1,2196.6,2292.5,2404.6
0,0,-0.0014697,0,0,0,0,0,0,0,0,0,0.037069,0.037203,0.037556,0.037287,0.037339,0.037615,0.032859,0.037313,0.040706,0.040894,0.043913,0.047028,0.047026,0.047374,0.047353,0.051833,0.052309,0.052407,0.056257,0.0658,0.066013,0.066504,0.082362,0.085046,0.13369,0.13438,0.1369,0.13925,0.14845,0.17041,0.17934,0.19326,0.22256,0.35083,0.43213,0.60981,0.99455,1.4024,1.6155,1.9879,2.8746,3.7019,5.0109,6.7378,9.2145,13.454,20.345,26.478,36.481,49.186,66.107,85.876,110.16,158.34,203.87,254.03,306.39,370.39,429.03,507.43,584.42,683.54,780.23,855.69,946.8,1036.9,1129.8,1231.8,1331,1426.4,1520.7,1602.3,1696.6,1771.6,1878.8,1981.2,2072.8,2165,2262.6,2358.8,2461.7,2582.1
0,0,-0.0015739,0,0,0,0,0,0,0,0,0,0.039699,0.039843,0.04022,0.039932,0.039988,0.040283,0.03519,0.03996,0.043593,0.043795,0.047028,0.050364,0.050362,0.050735,0.050713,0.05551,0.05602,0.056125,0.060248,0.070468,0.070696,0.071222,0.088204,0.091079,0.14318,0.14391,0.14661,0.14913,0.15899,0.1825,0.19206,0.20697,0.23835,0.37571,0.46279,0.65307,1.0651,1.5019,1.7301,2.1289,3.0785,3.9645,5.3664,7.2158,9.8682,14.409,21.788,28.356,39.069,52.676,70.797,91.968,117.98,169.57,218.33,272.05,328.12,396.66,459.46,543.43,625.87,732.03,835.58,916.39,1014,1110.5,1209.9,1319.1,1425.4,1527.6,1628.6,1715.9,1817,1897.3,2012.1,2121.7,2219.8,2318.6,2423.1,2526.1,2636.3,2765.3
0,0,-0.0015739,0,0,0,0,0,0,0,0,0,0.039697,0.039841,0.040219,0.039931,0.039986,0.040282,0.035189,0.039959,0.043592,0.043794,0.047026,0.050362,0.050361,0.050733,0.050711,0.055508,0.056018,0.056123,0.060246,0.070465,0.070693,0.07122,0.088201,0.091076,0.14317,0.1439,0.14661,0.14912,0.15898,0.18249,0.19206,0.20696,0.23834,0.3757,0.46277,0.65305,1.0651,1.5018,1.73,2.1288,3.0784,3.9644,5.3662,7.2156,9.8679,14.408,21.787,28.355,39.068,52.674,70.794,91.965,117.97,169.56,218.32,272.04,328.11,396.65,459.45,543.41,625.85,732,835.56,916.36,1013.9,1110.4,1209.9,1319.1,1425.3,1527.5,1628.5,1715.9,1816.9,1897.2,2012,2121.7,2219.7,2318.5,2423,2526,2636.3,2765.2
0,0,-0.0015855,0,0,0,0,0,0,0,0,0,0.039991,0.040136,0.040517,0.040226,0.040282,0.04058,0.035449,0.040254,0.043914,0.044118,0.047374,0.050735,0.050733,0.051109,0.051086,0.055919,0.056433,0.056538,0.060692,0.070987,0.071216,0.071747,0.088854,0.09175,0.14423,0.14497,0.14769,0.15022,0.16016,0.18384,0.19348,0.20849,0.2401,0.37848,0.4662,0.65788,1.073,1.513,1.7428,2.1446,3.1012,3.9937,5.4059,7.269,9.9409,14.515,21.948,28.565,39.357,53.064,71.318,92.646,118.84,170.82,219.94,274.05,330.54,399.58,462.85,547.44,630.48,737.42,841.74,923.14,1021.4,1118.7,1218.9,1328.9,1435.9,1538.8,1640.6,1728.6,1830.3,1911.3,2026.9,2137.4,2236.2,2335.7,2440.9,2544.7,2655.8,2785.6
0,0,-0.0015848,0,0,0,0,0,0,0,0,0,0.039973,0.040118,0.040499,0.040208,0.040264,0.040562,0.035433,0.040236,0.043895,0.044098,0.047353,0.050713,0.050711,0.051086,0.051063,0.055894,0.056408,0.056513,0.060665,0.070955,0.071185,0.071715,0.088814,0.091709,0.14417,0.1449,0.14763,0.15016,0.16008,0.18376,0.19339,0.2084,0.23999,0.37831,0.46599,0.65759,1.0725,1.5123,1.7421,2.1436,3.0998,3.992,5.4035,7.2657,9.9365,14.508,21.939,28.552,39.339,53.04,71.286,92.604,118.79,170.74,219.84,273.93,330.39,399.4,462.64,547.19,630.2,737.09,841.36,922.73,1021,1118.2,1218.3,1328.3,1435.2,1538.2,1639.9,1727.8,1829.5,1910.4,2026,2136.4,2235.2,2334.6,2439.9,2543.6,2654.6,2784.4
0,0,-0.0017348,0,0,0,0,0,0,0,0,0,0.043755,0.043914,0.04433,0.044012,0.044074,0.044399,0.038785,0.044043,0.048048,0.04827,0.051833,0.05551,0.055508,0.055919,0.055894,0.061182,0.061744,0.06186,0.066405,0.077668,0.077919,0.0785,0.097217,0.10039,0.15781,0.15861,0.1616,0.16436,0.17523,0.20114,0.21169,0.22811,0.2627,0.4141,0.51008,0.7198,1.1739,1.6554,1.9069,2.3465,3.393,4.3696,5.9147,7.9531,10.877,15.881,24.014,31.253,43.061,58.058,78.03,101.37,130.03,186.9,240.64,299.85,361.65,437.19,506.41,598.96,689.83,806.83,920.96,1010,1117.6,1223.9,1333.6,1453.9,1571,1683.7,1795,1891.3,2002.6,2091.2,2217.7,2338.5,2446.6,2555.5,2670.7,2784.2,2905.7,3047.8
0,0,-0.0017507,0,0,0,0,0,0,0,0,0,0.044157,0.044317,0.044737,0.044416,0.044478,0.044807,0.039142,0.044448,0.048489,0.048714,0.052309,0.05602,0.056018,0.056433,0.056408,0.061744,0.062311,0.062428,0.067014,0.078381,0.078635,0.079221,0.09811,0.10131,0.15926,0.16007,0.16308,0.16587,0.17684,0.20299,0.21363,0.23021,0.26511,0.41791,0.51476,0.72641,1.1847,1.6706,1.9244,2.368,3.4242,4.4098,5.969,8.0262,10.976,16.027,24.235,31.54,43.456,58.591,78.747,102.3,131.22,188.61,242.85,302.6,364.97,441.21,511.06,604.46,696.16,814.24,929.42,1019.3,1127.8,1235.2,1345.8,1467.3,1585.5,1699.1,1811.5,1908.6,2021,2110.4,2238,2360,2469.1,2579,2695.2,2809.8,2932.4,3075.8
0,0,-0.001754,0,0,0,0,0,0,0,0,0,0.04424,0.0444,0.044821,0.0445,0.044562,0.044891,0.039215,0.044531,0.04858,0.048805,0.052407,0.056125,0.056123,0.056538,0.056513,0.06186,0.062428,0.062545,0.06714,0.078528,0.078782,0.079369,0.098293,0.1015,0.15956,0.16037,0.16338,0.16618,0.17717,0.20337,0.21403,0.23064,0.26561,0.41869,0.51572,0.72777,1.1869,1.6737,1.928,2.3724,3.4306,4.418,5.9802,8.0412,10.997,16.057,24.28,31.599,43.538,58.701,78.894,102.49,131.47,188.97,243.31,303.16,365.65,442.03,512.02,605.59,697.46,815.76,931.16,1021.2,1129.9,1237.5,1348.3,1470,1588.4,1702.3,1814.9,1912.2,2024.8,2114.3,2242.2,2364.4,2473.7,2583.8,2700.3,2815.1,2937.9,3081.6
0,0,-0.0018828,0,0,0,0,0,0,0,0,0,0.04749,0.047662,0.048114,0.047769,0.047835,0.048189,0.042096,0.047802,0.052149,0.05239,0.056257,0.060248,0.060246,0.060692,0.060665,0.066405,0.067014,0.06714,0.072072,0.084297,0.08457,0.0852,0.10551,0.10895,0.17128,0.17215,0.17539,0.17839,0.19019,0.21831,0.22976,0.24758,0.28512,0.44945,0.55361,0.78124,1.2741,1.7966,2.0696,2.5467,3.6826,4.7426,6.4195,8.632,11.805,17.237,26.064,33.921,46.736,63.014,84.691,110.02,141.13,202.85,261.18,325.44,392.52,474.51,549.63,650.08,748.71,875.69,999.57,1096.2,1213,1328.4,1447.4,1578,1705.1,1827.4,1948.2,2052.7,2173.5,2269.7,2406.9,2538.1,2655.5,2773.6,2898.6,3021.9,3153.7,3308
0,0,-0.0022022,0,0,0,0,0,0,0,0,0,0.055545,0.055746,0.056275,0.055871,0.055949,0.056363,0.049236,0.05591,0.060994,0.061277,0.0658,0.070468,0.070465,0.070987,0.070955,0.077668,0.078381,0.078528,0.084297,0.098596,0.098915,0.099651,0.12341,0.12743,0.20033,0.20135,0.20514,0.20865,0.22245,0.25534,0.26873,0.28958,0.33348,0.52568,0.64752,0.91375,1.4903,2.1014,2.4207,2.9787,4.3073,5.547,7.5084,10.096,13.807,20.16,30.485,39.675,54.664,73.702,99.056,128.68,165.07,237.25,305.48,380.64,459.1,554.99,642.86,760.35,875.7,1024.2,1169.1,1282.2,1418.7,1553.7,1692.9,1845.7,1994.3,2137.4,2278.7,2400.9,2542.2,2654.6,2815.2,2968.7,3105.9,3244.1,3390.3,3534.4,3688.7,3869.1
0,0,-0.0022093,0,0,0,0,0,0,0,0,0,0.055725,0.055927,0.056457,0.056052,0.05613,0.056545,0.049395,0.056091,0.061191,0.061475,0.066013,0.070696,0.070693,0.071216,0.071185,0.077919,0.078635,0.078782,0.08457,0.098915,0.099235,0.099974,0.12381,0.12785,0.20098,0.202,0.2058,0.20933,0.22317,0.25617,0.2696,0.29052,0.33456,0.52739,0.64961,0.91671,1.4951,2.1082,2.4285,2.9883,4.3212,5.565,7.5327,10.129,13.852,20.225,30.584,39.803,54.841,73.94,99.376,129.09,165.6,238.02,306.47,381.87,460.58,556.79,644.94,762.81,878.53,1027.5,1172.9,1286.3,1423.3,1558.8,1698.4,1851.7,2000.8,2144.3,2286,2408.7,2550.5,2663.2,2824.3,2978.3,3115.9,3254.6,3401.3,3545.9,3700.6,3881.6
0,0,-0.0022258,0,0,0,0,0,0,0,0,0,0.05614,0.056343,0.056877,0.05647,0.056548,0.056966,0.049763,0.056509,0.061647,0.061933,0.066504,0.071222,0.07122,0.071747,0.071715,0.0785,0.079221,0.079369,0.0852,0.099651,0.099974,0.10072,0.12473,0.1288,0.20248,0.20351,0.20733,0.21088,0.22483,0.25808,0.2716,0.29268,0.33706,0.53131,0.65445,0.92353,1.5062,2.1239,2.4466,3.0106,4.3534,5.6064,7.5888,10.204,13.955,20.376,30.811,40.099,55.249,74.491,100.12,130.06,166.83,239.8,308.75,384.71,464.01,560.94,649.75,768.49,885.08,1035.2,1181.6,1295.9,1433.9,1570.4,1711,1865.5,2015.7,2160.2,2303.1,2426.6,2569.4,2683.1,2845.4,3000.4,3139.1,3278.8,3426.6,3572.3,3728.2,3910.5
0,0,-0.0027565,0,0,0,0,0,0,0,0,0,0.069526,0.069778,0.070439,0.069934,0.070032,0.070549,0.061629,0.069983,0.076346,0.0767,0.082362,0.088204,0.088201,0.088854,0.088814,0.097217,0.09811,0.098293,0.10551,0.12341,0.12381,0.12473,0.15448,0.15951,0.25075,0.25203,0.25677,0.26117,0.27844,0.31961,0.33636,0.36247,0.41742,0.658,0.8105,1.1437,1.8654,2.6303,3.03,3.7284,5.3914,6.9432,9.3983,12.637,17.283,25.235,38.158,49.661,68.423,92.253,123.99,161.07,206.61,296.97,382.37,476.45,574.65,694.69,804.67,951.73,1096.1,1282,1463.4,1604.9,1775.8,1944.8,2119,2310.3,2496.3,2675.3,2852.2,3005.2,3182.1,3322.8,3523.8,3715.9,3887.6,4060.6,4243.7,4424.1,4617.1,4842.9
0,0,-0.0028463,0,0,0,0,0,0,0,0,0,0.071792,0.072052,0.072735,0.072214,0.072314,0.072849,0.063638,0.072264,0.078835,0.0792,0.085046,0.091079,0.091076,0.09175,0.091709,0.10039,0.10131,0.1015,0.10895,0.12743,0.12785,0.1288,0.15951,0.16483,0.26169,0.26307,0.2683,0.27323,0.29281,0.33621,0.35479,0.38717,0.45129,0.71364,0.89527,1.2527,2.026,2.8436,3.2853,4.0711,5.8598,7.5761,10.205,13.701,18.763,27.552,41.902,55.31,76.455,103.61,139.46,180.46,231.51,328.77,420.71,523.14,628.71,757.76,876.8,1034.4,1189.6,1388.7,1584,1735.6,1917.9,2099,2285.4,2490.2,2689.5,2881.2,3069.9,3232.7,3421,3573.4,3787.3,3991.5,4174.2,4357.8,4551.3,4741.8,4946,5184.9
0,0,-0.0044745,0,0,0,0,0,0,0,0,0,0.11286,0.11327,0.11434,0.11352,0.11368,0.11452,0.10004,0.1136,0.12393,0.1245,0.13369,0.14318,0.14317,0.14423,0.14417,0.15781,0.15926,0.15956,0.17128,0.20033,0.20098,0.20248,0.25075,0.26169,0.46801,0.47125,0.48642,0.50229,0.56881,0.6551,0.71066,0.87273,1.1244,1.8223,2.6028,3.437,5.2296,7.0835,8.3724,10.929,15.207,20.238,26.291,34.88,48.275,73.926,117.1,169.51,239.04,333.85,453.29,573.45,735.99,969.91,1191.4,1460.8,1712.1,2019.5,2318.6,2683.1,3052.7,3511.3,3982.8,4334.3,4740.9,5159.7,5586.1,6057.6,6519.4,6961.1,7380.5,7735.6,8146,8530.9,8999.5,9438.8,9836.9,10227,10622,11008,11430,11923
0,0,-0.0044973,0,0,0,0,0,0,0,0,0,0.11343,0.11385,0.11493,0.1141,0.11426,0.1151,0.10055,0.11418,0.12456,0.12514,0.13438,0.14391,0.1439,0.14497,0.1449,0.15861,0.16007,0.16037,0.17215,0.20135,0.202,0.20351,0.25203,0.26307,0.47125,0.47452,0.48988,0.50594,0.57334,0.66035,0.71659,0.88116,1.1364,1.8422,2.6341,3.4766,5.2871,7.159,8.4634,11.053,15.375,20.467,26.58,35.259,48.804,74.764,118.47,171.62,242.05,338.13,459.13,580.75,745.36,981.69,1205.5,1477.9,1731.7,2042.3,2344.7,2712.7,3086.1,3549.3,4025.6,4380.6,4791.1,5214.1,5644.7,6120.8,6587.2,7033.3,7456.6,7815.1,8229.3,8618.4,9091.4,9534.7,9936.5,10330,10729,11118,11544,12040
0,0,-0.0045818,0,0,0,0,0,0,0,0,0,0.11557,0.11599,0.11708,0.11625,0.11641,0.11727,0.10244,0.11633,0.1269,0.12749,0.1369,0.14661,0.14661,0.14769,0.14763,0.1616,0.16308,0.16338,0.17539,0.20514,0.2058,0.20733,0.25677,0.2683,0.48642,0.48988,0.5063,0.52357,0.59623,0.68689,0.74713,0.9272,1.2041,1.955,2.817,3.7058,5.6147,7.5852,8.9805,11.766,16.333,21.781,28.223,37.411,51.817,79.586,126.41,184.06,259.87,363.56,493.88,624,800.89,1050.7,1287.3,1576.9,1845,2173.1,2493.7,2881.6,3276.1,3764.2,4267.9,4642.2,5073.7,5519.6,5973.2,6475,6966.7,7436.8,7881.9,8258.2,8692.9,9105.5,9602.2,10067,10489,10901,11318,11723,12169,12688
0,0,-0.0046603,0,0,0,0,0,0,0,0,0,0.11755,0.11797,0.11909,0.11824,0.1184,0.11928,0.10419,0.11832,0.12908,0.12968,0.13925,0.14913,0.14912,0.15022,0.15016,0.16436,0.16587,0.16618,0.17839,0.20865,0.20933,0.21088,0.26117,0.27323,0.50229,0.50594,0.52357,0.54222,0.62087,0.71549,0.78026,0.9782,1.2799,2.0816,3.0243,3.9645,5.9828,8.0627,9.561,12.57,17.41,23.262,30.07,39.826,55.203,85.021,135.39,198.19,280.13,392.53,533.47,673.23,864.1,1129,1379.9,1688.9,1972.9,2320.5,2661.4,3071.6,3489.6,4005.4,4539.5,4935.3,5390.2,5861.6,6340.7,6870.9,7390.8,7887.7,8356.7,8752.6,9210,9649,10172,10660,11104,11536,11973,12397,12863,13407
0,0,-0.0049684,0,0,0,0,0,0,0,0,0,0.12532,0.12577,0.12696,0.12605,0.12623,0.12716,0.11108,0.12614,0.13761,0.13825,0.14845,0.15899,0.15898,0.16016,0.16008,0.17523,0.17684,0.17717,0.19019,0.22245,0.22317,0.22483,0.27844,0.29281,0.56881,0.57334,0.59623,0.62087,0.72576,0.83726,0.92182,1.1982,1.6087,2.6313,3.9275,5.0901,7.5813,10.133,12.08,16.066,22.088,29.699,38.087,50.309,69.901,108.65,174.48,259.87,368.57,519.07,706.45,888.22,1140.1,1470.2,1782.9,2176.1,2529.1,2961.2,3390.6,3896.6,4416.1,5051.7,5717.9,6206.3,6761.9,7343.4,7932.7,8585.9,9227.5,9839.8,10412,10893,11448,12001,12636,13227,13765,14285,14804,15307,15864,16512
0,0,-0.0057032,0,0,0,0,0,0,0,0,0,0.14385,0.14437,0.14574,0.14469,0.1449,0.14597,0.12751,0.1448,0.15796,0.15869,0.17041,0.1825,0.18249,0.18384,0.18376,0.20114,0.20299,0.20337,0.21831,0.25534,0.25617,0.25808,0.31961,0.33621,0.6551,0.66035,0.68689,0.71549,0.83726,0.96595,1.064,1.3856,1.8626,3.0474,4.5544,5.8994,8.7812,11.732,13.99,18.616,25.585,34.412,44.114,58.262,80.961,125.9,202.25,301.48,427.65,602.42,819.93,1030.7,1323,1705,2067,2522.5,2931,3431,3928.2,4513.5,5114.7,5849.9,6621,7186,7828.4,8501,9182.6,9938.2,10680,11389,12050,12606,13247,13888,14622,15305,15927,16528,17127,17708,18351,19099
0,0,-0.0060021,0,0,0,0,0,0,0,0,0,0.15139,0.15194,0.15338,0.15228,0.15249,0.15362,0.13419,0.15239,0.16624,0.16701,0.17934,0.19206,0.19206,0.19348,0.19339,0.21169,0.21363,0.21403,0.22976,0.26873,0.2696,0.2716,0.33636,0.35479,0.71066,0.71659,0.74713,0.78026,0.92182,1.064,1.1771,1.5572,2.1157,3.4697,5.2411,6.7587,10.008,13.327,15.926,21.29,29.173,39.337,50.268,66.317,92.243,143.97,232.05,348.22,494.61,698.08,950.63,1193.4,1531.8,1964.2,2374,2894.1,3355.8,3921.3,4486.5,5146.2,5826,6654.4,7527.5,8164.5,8885.5,9643.7,10411,11262,12099,12897,13639,14261,14979,15708,16530,17293,17989,18660,19325,19968,20683,21514
0,0,-0.0064679,0,0,0,0,0,0,0,0,0,0.16314,0.16373,0.16528,0.1641,0.16433,0.16554,0.14461,0.16421,0.17914,0.17997,0.19326,0.20697,0.20696,0.20849,0.2084,0.22811,0.23021,0.23064,0.24758,0.28958,0.29052,0.29268,0.36247,0.38717,0.87273,0.88116,0.9272,0.9782,1.1982,1.3856,1.5572,2.1767,3.0636,5.0616,7.9052,10.055,14.645,19.296,23.219,31.494,42.756,58.115,73.521,96.657,134.86,212.95,346.78,531.14,757.43,1075.1,1466.4,1833.1,2353.3,2972.2,3559.2,4324.2,4982.9,5789.6,6610.3,7541.6,8511.4,9679,10930,11830,12834,13904,14983,16183,17365,18490,19521,20379,21368,22429,23564,24610,25569,26483,27373,28228,29190,30306
0,0,-0.0074485,0,0,0,0,0,0,0,0,0,0.18787,0.18855,0.19034,0.18898,0.18924,0.19064,0.16653,0.18911,0.2063,0.20726,0.22256,0.23835,0.23834,0.2401,0.23999,0.2627,0.26511,0.26561,0.28512,0.33348,0.33456,0.33706,0.41742,0.45129,1.1244,1.1364,1.2041,1.2799,1.6087,1.8626,2.1157,3.0636,4.4031,7.3059,11.624,14.674,21.177,27.731,33.503,45.819,61.879,84.486,106.28,139.44,194.91,309.79,507.37,785.75,1122.9,1598.6,2182.2,2722,3494.5,4378.1,5216.4,6326,7264.3,8413.9,9595.1,10914,12296,13947,15735,17010,18419,19934,21458,23155,24829,26420,27868,29064,30445,31972,33559,35012,36351,37616,38834,40002,41322,42854
0,0,-0.011741,0,0,0,0,0,0,0,0,0,0.29615,0.29722,0.30004,0.29789,0.29831,0.30051,0.26251,0.2981,0.3252,0.32671,0.35083,0.37571,0.3757,0.37848,0.37831,0.4141,0.41791,0.41869,0.44945,0.52568,0.52739,0.53131,0.658,0.71364,1.8223,1.8422,1.955,2.0816,2.6313,3.0474,3.4697,5.0616,7.3059,12.133,19.375,24.422,35.181,46.013,55.634,76.211,102.82,140.51,176.55,231.55,323.76,515.27,844.85,1311.2,1874.6,2670.4,3645.8,4545.7,5835.9,7299.9,8689.2,10534,12088,13992,15952,18134,20422,23154,26117,28226,30553,33060,35579,38385,41154,43786,46176,48150,50427,52962,55579,57975,60182,62266,64267,66183,68353,70871
0,0,-0.014463,0,0,0,0,0,0,0,0,0,0.36478,0.36611,0.36958,0.36693,0.36744,0.37016,0.32335,0.36719,0.40057,0.40243,0.43213,0.46279,0.46277,0.4662,0.46599,0.51008,0.51476,0.51572,0.55361,0.64752,0.64961,0.65445,0.8105,0.89527,2.6028,2.6341,2.817,3.0243,3.9275,4.5544,5.2411,7.9052,11.624,19.375,31.428,39.367,56.269,73.207,88.82,122.52,164.57,225.75,282.29,369.61,517.59,828.35,1364.7,2137.4,3060.9,4370.8,5971.5,7432.2,9542,11858,14056,17014,19467,22474,25598,29023,32637,36923,41613,44927,48551,52488,56434,60837,65187,69317,73038,76096,79625,83668,87728,91428,94847,98054,1.011e+05,1.04e+05,1.0732e+05,1.1116e+05
0,0,-0.020409,0,0,0,0,0,0,0,0,0,0.51477,0.51664,0.52154,0.5178,0.51852,0.52235,0.4563,0.51816,0.56527,0.56789,0.60981,0.65307,0.65305,0.65788,0.65759,0.7198,0.72641,0.72777,0.78124,0.91375,0.91671,0.92353,1.1437,1.2527,3.437,3.4766,3.7058,3.9645,5.0901,5.8994,6.7587,10.055,14.674,24.422,39.367,49.436,70.882,92.415,111.97,154.02,207.24,283.86,355.64,465.97,652.13,1041.3,1712.3,2672.1,3824,5455.3,7451.1,9280.3,11914,14845,17626,21348,24455,28262,32203,36550,41127,46568,52501,56705,61320,66316,71329,76919,82438,87682,92420,96323,1.0083e+05,1.0592e+05,1.111e+05,1.1583e+05,1.2019e+05,1.243e+05,1.2821e+05,1.3195e+05,1.3621e+05,1.4114e+05
0,0,-0.033286,0,0,0,0,0,0,0,0,0,0.83955,0.8426,0.85059,0.84449,0.84566,0.85192,0.7442,0.84508,0.92191,0.92619,0.99455,1.0651,1.0651,1.073,1.0725,1.1739,1.1847,1.1869,1.2741,1.4903,1.4951,1.5062,1.8654,2.026,5.2296,5.2871,5.6147,5.9828,7.5813,8.7812,10.008,14.645,21.177,35.181,56.269,70.882,102.03,133.37,161.32,221.13,298.2,407.67,511.99,671.39,938.9,1495.1,2452.6,3809.9,5447.6,7762.1,10598,13212,16962,21203,25228,30578,35080,40595,46279,52594,59223,67131,75715,81822,88551,95808,1.031e+05,1.1122e+05,1.1924e+05,1.2686e+05,1.3377e+05,1.3948e+05,1.4606e+05,1.5341e+05,1.6098e+05,1.679e+05,1.7429e+05,1.8031e+05,1.8608e+05,1.9161e+05,1.9788e+05,2.0514e+05
0,0,-0.046936,0,0,0,0,0,0,0,0,0,1.1838,1.1881,1.1994,1.1908,1.1925,1.2013,1.0494,1.1916,1.3,1.306,1.4024,1.5019,1.5018,1.513,1.5123,1.6554,1.6706,1.6737,1.7966,2.1014,2.1082,2.1239,2.6303,2.8436,7.0835,7.159,7.5852,8.0627,10.133,11.732,13.327,19.296,27.731,46.013,73.207,92.415,133.37,174.65,211,288.57,389.71,532.09,669.34,878.23,1227.5,1951.1,3195.3,4948.5,7071.5,10068,13743,17142,22007,27572,32852,39840,45750,52990,60430,68735,77438,87841,99101,1.0713e+05,1.16e+05,1.2555e+05,1.3514e+05,1.4583e+05,1.5637e+05,1.664e+05,1.7551e+05,1.8305e+05,1.9175e+05,2.0137e+05,2.1136e+05,2.2052e+05,2.2895e+05,2.3692e+05,2.4459e+05,2.5194e+05,2.6026e+05,2.6991e+05
0,0,-0.054067,0,0,0,0,0,0,0,0,0,1.3637,1.3687,1.3816,1.3717,1.3736,1.3838,1.2088,1.3727,1.4975,1.5044,1.6155,1.7301,1.73,1.7428,1.7421,1.9069,1.9244,1.928,2.0696,2.4207,2.4285,2.4466,3.03,3.2853,8.3724,8.4634,8.9805,9.561,12.08,13.99,15.926,23.219,33.503,55.634,88.82,111.97,161.32,211,255.11,349.42,471.44,644.21,809.53,1061.8,1484.6,2362.5,3873.2,6010.4,8592.3,12239,16710,20835,26748,33463,39835,48291,55419,64152,73142,83149,93645,1.0618e+05,1.1976e+05,1.2944e+05,1.4011e+05,1.5161e+05,1.6316e+05,1.7604e+05,1.8874e+05,2.0081e+05,2.1178e+05,2.2083e+05,2.3128e+05,2.4291e+05,2.5491e+05,2.659e+05,2.7603e+05,2.8559e+05,2.9477e+05,3.0357e+05,3.1353e+05,3.2508e+05
0,0,-0.066531,0,0,0,0,0,0,0,0,0,1.6781,1.6842,1.7001,1.688,1.6903,1.7028,1.4875,1.6891,1.8427,1.8513,1.9879,2.1289,2.1288,2.1446,2.1436,2.3465,2.368,2.3724,2.5467,2.9787,2.9883,3.0106,3.7284,4.0711,10.929,11.053,11.766,12.57,16.066,18.616,21.29,31.494,45.819,76.211,122.52,154.02,221.13,288.57,349.42,480.09,646.46,884.88,1109.6,1454.2,2034.6,3245.9,5333,8309.6,11888,16953,23152,28845,37032,46191,54883,66489,76204,88107,1.0041e+05,1.1401e+05,1.2832e+05,1.4535e+05,1.6389e+05,1.7705e+05,1.9151e+05,2.0714e+05,2.2284e+05,2.4033e+05,2.5761e+05,2.7402e+05,2.8887e+05,3.0111e+05,3.1523e+05,3.3114e+05,3.4738e+05,3.6222e+05,3.7591e+05,3.8879e+05,4.011e+05,4.1288e+05,4.2625e+05,4.4176e+05
0,0,-0.096206,0,0,0,0,0,0,0,0,0,2.4266,2.4354,2.4585,2.4408,2.4442,2.4623,2.151,2.4425,2.6646,2.677,2.8746,3.0785,3.0784,3.1012,3.0998,3.393,3.4242,3.4306,3.6826,4.3073,4.3212,4.3534,5.3914,5.8598,15.207,15.375,16.333,17.41,22.088,25.585,29.173,42.756,61.879,102.82,164.57,207.24,298.2,389.71,471.44,646.46,871.58,1191.7,1496.4,1962.1,2744.1,4370.8,7171.4,11145,15937,22711,31011,38655,49626,62016,73773,89412,1.0256e+05,1.1867e+05,1.3528e+05,1.5372e+05,1.7308e+05,1.9618e+05,2.2125e+05,2.3908e+05,2.5873e+05,2.7992e+05,3.0121e+05,3.2493e+05,3.4834e+05,3.7059e+05,3.9077e+05,4.0742e+05,4.2664e+05,4.4812e+05,4.7021e+05,4.9041e+05,5.0904e+05,5.266e+05,5.4344e+05,5.5955e+05,5.7783e+05,5.9903e+05
0,0,-0.1239,0,0,0,0,0,0,0,0,0,3.125,3.1363,3.1661,3.1434,3.1477,3.171,2.77,3.1456,3.4316,3.4475,3.7019,3.9645,3.9644,3.9937,3.992,4.3696,4.4098,4.418,4.7426,5.547,5.565,5.6064,6.9432,7.5761,20.238,20.467,21.781,23.262,29.699,34.412,39.337,58.115,84.486,140.51,225.75,283.86,407.67,532.09,644.21,884.88,1191.7,1631,2045.5,2681.1,3750.9,5982.6,9827.6,15307,21898,31224,42642,53130,68210,85103,1.0113e+05,1.2253e+05,1.4045e+05,1.624e+05,1.8508e+05,2.1018e+05,2.3657e+05,2.6799e+05,3.0219e+05,3.2646e+05,3.5315e+05,3.8199e+05,4.1095e+05,4.4323e+05,4.7509e+05,5.0536e+05,5.3277e+05,5.5536e+05,5.8143e+05,6.1078e+05,6.4075e+05,6.6814e+05,6.934e+05,7.1719e+05,7.3994e+05,7.6169e+05,7.8639e+05,8.1504e+05
0,0,-0.1677,0,0,0,0,0,0,0,0,0,4.2299,4.2453,4.2855,4.2548,4.2607,4.2922,3.7495,4.2578,4.6449,4.6664,5.0109,5.3664,5.3662,5.4059,5.4035,5.9147,5.969,5.9802,6.4195,7.5084,7.5327,7.5888,9.3983,10.205,26.291,26.58,28.223,30.07,38.087,44.114,50.268,73.521,106.28,176.55,282.29,355.64,511.99,669.34,809.53,1109.6,1496.4,2045.5,2569.2,3369.2,4711.5,7501.8,12305,19112,27327,38935,53161,66273,85082,1.0637e+05,1.2657e+05,1.5342e+05,1.7601e+05,2.0369e+05,2.3222e+05,2.6392e+05,2.9719e+05,3.3688e+05,3.7997e+05,4.1062e+05,4.444e+05,4.8083e+05,5.1743e+05,5.5821e+05,5.9845e+05,6.367e+05,6.714e+05,7.0005e+05,7.3311e+05,7.7e+05,8.0799e+05,8.4276e+05,8.748e+05,9.0503e+05,9.3404e+05,9.618e+05,9.9327e+05,1.0298e+06
0,0,-0.2255,0,0,0,0,0,0,0,0,0,5.6878,5.7084,5.7625,5.7212,5.7291,5.7715,5.0417,5.7252,6.2457,6.2747,6.7378,7.2158,7.2156,7.269,7.2657,7.9531,8.0262,8.0412,8.632,10.096,10.129,10.204,12.637,13.701,34.88,35.259,37.411,39.826,50.309,58.262,66.317,96.657,139.44,231.55,369.61,465.97,671.39,878.23,1061.8,1454.2,1962.1,2681.1,3369.2,4419.1,6178.7,9831.9,16119,25010,35753,50928,69531,86697,1.113e+05,1.3925e+05,1.6577e+05,2.0097e+05,2.3064e+05,2.6699e+05,3.044e+05,3.4606e+05,3.8975e+05,4.4191e+05,4.9847e+05,5.3874e+05,5.8317e+05,6.3103e+05,6.7913e+05,7.3272e+05,7.8559e+05,8.3585e+05,8.8149e+05,9.1918e+05,9.6268e+05,1.0111e+06,1.0611e+06,1.1068e+06,1.149e+06,1.1888e+06,1.227e+06,1.2636e+06,1.3051e+06,1.3532e+06
0,0,-0.30839,0,0,0,0,0,0,0,0,0,7.7784,7.8067,7.8807,7.8242,7.8351,7.893,6.895,7.8296,8.5415,8.5811,9.2145,9.8682,9.8679,9.9409,9.9365,10.877,10.976,10.997,11.805,13.807,13.852,13.955,17.283,18.763,48.275,48.804,51.817,55.203,69.901,80.961,92.243,134.86,194.91,323.76,517.59,652.13,938.9,1227.5,1484.6,2034.6,2744.1,3750.9,4711.5,6178.7,8640.1,13756,22562,35040,50100,71380,97460,1.215e+05,1.5598e+05,1.9503e+05,2.3208e+05,2.8131e+05,3.2275e+05,3.7352e+05,4.2583e+05,4.8397e+05,5.45e+05,6.1781e+05,6.9682e+05,7.5305e+05,8.1502e+05,8.8184e+05,9.4897e+05,1.0238e+06,1.0976e+06,1.1677e+06,1.2314e+06,1.2839e+06,1.3446e+06,1.4122e+06,1.4819e+06,1.5457e+06,1.6045e+06,1.66e+06,1.7132e+06,1.7641e+06,1.8219e+06,1.8888e+06
0,0,-0.45029,0,0,0,0,0,0,0,0,0,11.357,11.399,11.507,11.424,11.44,11.525,10.067,11.432,12.472,12.529,13.454,14.409,14.408,14.515,14.508,15.881,16.027,16.057,17.237,20.16,20.225,20.376,25.235,27.552,73.926,74.764,79.586,85.021,108.65,125.9,143.97,212.95,309.79,515.27,828.35,1041.3,1495.1,1951.1,2362.5,3245.9,4370.8,5982.6,7501.8,9831.9,13756,21945,36055,56177,80371,1.1461e+05,1.5652e+05,1.95e+05,2.5035e+05,3.1228e+05,3.7105e+05,4.4952e+05,5.152e+05,5.9569e+05,6.7887e+05,7.7086e+05,8.6759e+05,9.8275e+05,1.1081e+06,1.1971e+06,1.2948e+06,1.4006e+06,1.5067e+06,1.625e+06,1.7418e+06,1.8527e+06,1.9531e+06,2.0359e+06,2.1314e+06,2.239e+06,2.3488e+06,2.4491e+06,2.5417e+06,2.6288e+06,2.7121e+06,2.7917e+06,2.8822e+06,2.987e+06
0,0,-0.6809,0,0,0,0,0,0,0,0,0,17.174,17.236,17.4,17.275,17.299,17.427,15.223,17.287,18.859,18.946,20.345,21.788,21.787,21.948,21.939,24.014,24.235,24.28,26.064,30.485,30.584,30.811,38.158,41.902,117.1,118.47,126.41,135.39,174.48,202.25,232.05,346.78,507.37,844.85,1364.7,1712.3,2452.6,3195.3,3873.2,5333,7171.4,9827.6,12305,16119,22562,36055,59324,92691,1.3268e+05,1.8934e+05,2.5863e+05,3.2205e+05,4.1346e+05,5.1471e+05,6.108e+05,7.3961e+05,8.4693e+05,9.7844e+05,1.1147e+06,1.2648e+06,1.4228e+06,1.6106e+06,1.8156e+06,1.9607e+06,2.1198e+06,2.2923e+06,2.4653e+06,2.6582e+06,2.8487e+06,3.0296e+06,3.193e+06,3.3274e+06,3.4826e+06,3.6589e+06,3.8374e+06,4.0002e+06,4.1505e+06,4.2917e+06,4.4263e+06,4.5547e+06,4.701e+06,4.8706e+06
0,0,-0.88615,0,0,0,0,0,0,0,0,0,22.351,22.432,22.645,22.482,22.514,22.68,19.812,22.498,24.544,24.658,26.478,28.356,28.355,28.565,28.552,31.253,31.54,31.599,33.921,39.675,39.803,40.099,49.661,55.31,169.51,171.62,184.06,198.19,259.87,301.48,348.22,531.14,785.75,1311.2,2137.4,2672.1,3809.9,4948.5,6010.4,8309.6,11145,15307,19112,25010,35040,56177,92691,1.4559e+05,2.086e+05,2.9809e+05,4.0734e+05,5.0671e+05,6.5056e+05,8.0681e+05,9.5514e+05,1.1555e+06,1.321e+06,1.5237e+06,1.735e+06,1.9655e+06,2.2092e+06,2.4976e+06,2.8141e+06,3.0372e+06,3.2805e+06,3.5455e+06,3.8109e+06,4.1072e+06,4.4e+06,4.6779e+06,4.9276e+06,5.1326e+06,5.3691e+06,5.6426e+06,5.9147e+06,6.1624e+06,6.3916e+06,6.6059e+06,6.8087e+06,7.0019e+06,7.2229e+06,7.4789e+06
0,0,-1.2209,0,0,0,0,0,0,0,0,0,30.795,30.907,31.2,30.976,31.019,31.249,27.298,30.998,33.816,33.973,36.481,39.069,39.068,39.357,39.339,43.061,43.456,43.538,46.736,54.664,54.841,55.249,68.423,76.455,239.04,242.05,259.87,280.13,368.57,427.65,494.61,757.43,1122.9,1874.6,3060.9,3824,5447.6,7071.5,8592.3,11888,15937,21898,27327,35753,50100,80371,1.3268e+05,2.086e+05,2.9894e+05,4.273e+05,5.8394e+05,7.2626e+05,9.3243e+05,1.1556e+06,1.3674e+06,1.654e+06,1.8903e+06,2.1798e+06,2.4817e+06,2.8107e+06,3.1586e+06,3.5701e+06,4.0221e+06,4.3404e+06,4.6873e+06,5.0654e+06,5.4441e+06,5.8668e+06,6.2846e+06,6.6811e+06,7.0371e+06,7.3292e+06,7.6661e+06,8.0569e+06,8.4448e+06,8.7975e+06,9.124e+06,9.4292e+06,9.7174e+06,9.992e+06,1.0306e+07,1.067e+07
0,0,-1.6462,0,0,0,0,0,0,0,0,0,41.521,41.671,42.066,41.765,41.823,42.132,36.805,41.794,45.594,45.805,49.186,52.676,52.674,53.064,53.04,58.058,58.591,58.701,63.014,73.702,73.94,74.491,92.253,103.61,333.85,338.13,363.56,392.53,519.07,602.42,698.08,1075.1,1598.6,2670.4,4370.8,5455.3,7762.1,10068,12239,16953,22711,31224,38935,50928,71380,1.1461e+05,1.8934e+05,2.9809e+05,4.273e+05,6.11e+05,8.3507e+05,1.0383e+06,1.3331e+06,1.6505e+06,1.9518e+06,2.3604e+06,2.6963e+06,3.1079e+06,3.5378e+06,4.0052e+06,4.5e+06,5.0845e+06,5.7275e+06,6.1798e+06,6.6719e+06,7.2091e+06,7.7469e+06,8.3473e+06,8.9408e+06,9.5042e+06,1.0009e+07,1.0423e+07,1.0901e+07,1.1457e+07,1.2007e+07,1.2507e+07,1.297e+07,1.3402e+07,1.3809e+07,1.4197e+07,1.4642e+07,1.5156e+07
0,0,-2.2125,0,0,0,0,0,0,0,0,0,55.804,56.006,56.538,56.132,56.21,56.626,49.466,56.171,61.279,61.563,66.107,70.797,70.794,71.318,71.286,78.03,78.747,78.894,84.691,99.056,99.376,100.12,123.99,139.46,453.29,459.13,493.88,533.47,706.45,819.93,950.63,1466.4,2182.2,3645.8,5971.5,7451.1,10598,13743,16710,23152,31011,42642,53161,69531,97460,1.5652e+05,2.5863e+05,4.0734e+05,5.8394e+05,8.3507e+05,1.1413e+06,1.419e+06,1.8219e+06,2.255e+06,2.6663e+06,3.2242e+06,3.6825e+06,4.2443e+06,4.8312e+06,5.4689e+06,6.144e+06,6.9415e+06,7.819e+06,8.436e+06,9.1072e+06,9.8401e+06,1.0574e+07,1.1393e+07,1.2203e+07,1.2971e+07,1.366e+07,1.4224e+07,1.4875e+07,1.5635e+07,1.6385e+07,1.7067e+07,1.7698e+07,1.8286e+07,1.8841e+07,1.937e+07,1.9975e+07,2.0676e+07
0,0,-2.8741,0,0,0,0,0,0,0,0,0,72.492,72.755,73.445,72.919,73.02,73.56,64.259,72.969,79.604,79.973,85.876,91.968,91.965,92.646,92.604,101.37,102.3,102.49,110.02,128.68,129.09,130.06,161.07,180.46,573.45,580.75,624,673.23,888.22,1030.7,1193.4,1833.1,2722,4545.7,7432.2,9280.3,13212,17142,20835,28845,38655,53130,66273,86697,1.215e+05,1.95e+05,3.2205e+05,5.0671e+05,7.2626e+05,1.0383e+06,1.419e+06,1.7646e+06,2.2656e+06,2.8062e+06,3.3195e+06,4.0148e+06,4.5871e+06,5.2884e+06,6.0203e+06,6.817e+06,7.6599e+06,8.6562e+06,9.7515e+06,1.0522e+07,1.1362e+07,1.2277e+07,1.3194e+07,1.4217e+07,1.5229e+07,1.6189e+07,1.705e+07,1.7757e+07,1.8572e+07,1.9519e+07,2.0457e+07,2.131e+07,2.21e+07,2.2837e+07,2.3533e+07,2.4196e+07,2.4955e+07,2.5834e+07
0,0,-3.6868,0,0,0,0,0,0,0,0,0,92.992,93.329,94.214,93.539,93.669,94.361,82.43,93.604,102.11,102.59,110.16,117.98,117.97,118.84,118.79,130.03,131.22,131.47,141.13,165.07,165.6,166.83,206.61,231.51,735.99,745.36,800.89,864.1,1140.1,1323,1531.8,2353.3,3494.5,5835.9,9542,11914,16962,22007,26748,37032,49626,68210,85082,1.113e+05,1.5598e+05,2.5035e+05,4.1346e+05,6.5056e+05,9.3243e+05,1.3331e+06,1.8219e+06,2.2656e+06,2.9087e+06,3.6028e+06,4.2617e+06,5.1544e+06,5.8891e+06,6.7894e+06,7.7291e+06,8.7518e+06,9.8339e+06,1.1113e+07,1.2519e+07,1.3509e+07,1.4586e+07,1.5761e+07,1.6938e+07,1.8252e+07,1.9551e+07,2.0783e+07,2.1889e+07,2.2796e+07,2.3842e+07,2.5058e+07,2.6263e+07,2.7357e+07,2.8371e+07,2.9318e+07,3.0211e+07,3.1062e+07,3.2036e+07,3.3165e+07
0,0,-5.2992,0,0,0,0,0,0,0,0,0,133.66,134.14,135.42,134.45,134.63,135.63,118.48,134.54,146.77,147.45,158.34,169.57,169.56,170.82,170.74,186.9,188.61,188.97,202.85,237.25,238.02,239.8,296.97,328.77,969.91,981.69,1050.7,1129,1470.2,1705,1964.2,2972.2,4378.1,7299.9,11858,14845,21203,27572,33463,46191,62016,85103,1.0637e+05,1.3925e+05,1.9503e+05,3.1228e+05,5.1471e+05,8.0681e+05,1.1556e+06,1.6505e+06,2.255e+06,2.8062e+06,3.6028e+06,4.4746e+06,5.3021e+06,6.4168e+06,7.3402e+06,8.4719e+06,9.6485e+06,1.0937e+07,1.2297e+07,1.3909e+07,1.5675e+07,1.6921e+07,1.8284e+07,1.9765e+07,2.1249e+07,2.2905e+07,2.4541e+07,2.6095e+07,2.7493e+07,2.8642e+07,2.9968e+07,3.1491e+07,3.3016e+07,3.4406e+07,3.5691e+07,3.6895e+07,3.8036e+07,3.9125e+07,4.0368e+07,4.1809e+07
0,0,-6.8231,0,0,0,0,0,0,0,0,0,172.1,172.72,174.36,173.11,173.35,174.63,152.55,173.23,188.98,189.86,203.87,218.33,218.32,219.94,219.84,240.64,242.85,243.31,261.18,305.48,306.47,308.75,382.37,420.71,1191.4,1205.5,1287.3,1379.9,1782.9,2067,2374,3559.2,5216.4,8689.2,14056,17626,25228,32852,39835,54883,73773,1.0113e+05,1.2657e+05,1.6577e+05,2.3208e+05,3.7105e+05,6.108e+05,9.5514e+05,1.3674e+06,1.9518e+06,2.6663e+06,3.3195e+06,4.2617e+06,5.3021e+06,6.2895e+06,7.6149e+06,8.7175e+06,1.0069e+07,1.147e+07,1.3011e+07,1.4635e+07,1.6563e+07,1.8669e+07,2.016e+07,2.1792e+07,2.3563e+07,2.5339e+07,2.732e+07,2.9276e+07,3.1134e+07,3.281e+07,3.4189e+07,3.578e+07,3.7594e+07,3.9424e+07,4.1093e+07,4.2635e+07,4.4082e+07,4.5459e+07,4.6774e+07,4.8272e+07,5.0008e+07
