0.32199,0,0.26523,0.265,0.26686,0.26874,0.27037,0.27185,0.27267,0.2744,0.27457,0.27465,0.27446,0.27463,0.27558,0.27479,0.27425,0.27454,0.27436,0.2736,0.27288,0.27406,0.27427,0.27449,0.27437,0.27401,0.27442,0.27573,0.27508,0.2751,0.2746,0.27546,0.27465,0.27516,0.27513,0.27472,0.27489,0.27482,0.27474,0.27454,0.27422,0.27434,0.27441,0.27429,0.27444,0.27434,0.27391,0.27313,0.2721,0.27054,0.26903,0.26607,0.26248,0.25791,0.25293,0.2459,0.23755,0.22705,0.21479,0.20404,0.18386,0.17064,0.13984,0.1161,0.079963,0.040982,0,-0.028055,-0.069183,-0.11363,-0.16967,-0.23281,-0.30141,-0.36559,-0.43318,-0.48309,-0.53198,-0.58601,-0.64153,-0.69052,-0.72843,-0.75528,-0.7727,-0.78535,-0.79522,-0.80445,-0.81779,-0.82862,-0.82974,-0.8255,-0.81943,-0.81729,-0.8232,-0.84576
0,0.21673,0.083368,0.080645,0.077399,0.074681,0.072201,0.07038,0.068939,0.068893,0.067968,0.067167,0.066473,0.066517,0.067488,0.067228,0.067312,0.0682,0.068599,0.068273,0.067856,0.068837,0.068776,0.068333,0.067425,0.066476,0.066517,0.067497,0.066848,0.066641,0.066202,0.06699,0.066574,0.067191,0.067324,0.067006,0.067083,0.066988,0.066928,0.066818,0.0667,0.066949,0.06709,0.066952,0.066988,0.066885,0.066724,0.066716,0.067028,0.067797,0.069466,0.070849,0.072485,0.074505,0.077484,0.080711,0.084399,0.087268,0.08918,0.089398,0.096224,0.092493,0.10386,0.10572,0.11074,0.11119,0.10751,0.10205,0.099673,0.096343,0.095499,0.094626,0.09591,0.090263,0.080569,0.066176,0.046578,0,0,-0.022745,-0.068297,-0.12391,-0.17919,-0.24624,-0.30907,-0.37815,-0.45315,-0.54307,-0.64123,-0.73281,-0.83464,-0.92916,-1.0207,-1.1074
0.26523,0.083368,0.25054,0.2493,0.24959,0.25009,0.25048,0.251,0.25112,0.25253,0.25231,0.25207,0.25164,0.2518,0.25295,0.2522,0.25179,0.25238,0.25238,0.25162,0.25087,0.25222,0.25237,0.25238,0.25193,0.25128,0.25163,0.25309,0.2523,0.25223,0.25166,0.25267,0.25184,0.25249,0.25252,0.25206,0.25223,0.25214,0.25205,0.25184,0.25154,0.25173,0.25184,0.25169,0.25183,0.25171,0.25129,0.25065,0.24991,0.24893,0.24833,0.24642,0.24409,0.2411,0.23815,0.2336,0.22814,0.22059,0.21123,0.20246,0.18846,0.17614,0.15514,0.1363,0.10846,0.07653,0.041354,0.016145,-0.018645,-0.056537,-0.10302,-0.15537,-0.21138,-0.26642,-0.32582,-0.37247,-0.42028,-0.4827,-0.52843,-0.57754,-0.62629,-0.66979,-0.7054,-0.74162,-0.77392,-0.8081,-0.84793,-0.89144,-0.93012,-0.96186,-0.99603,-1.0306,-1.0707,-1.1226
0.265,0.080645,0.2493,0.2481,0.24842,0.24896,0.24938,0.24992,0.25006,0.25147,0.25126,0.25103,0.25061,0.25077,0.25191,0.25116,0.25075,0.25133,0.25132,0.25057,0.24983,0.25116,0.25131,0.25133,0.25089,0.25025,0.2506,0.25204,0.25126,0.2512,0.25063,0.25163,0.25081,0.25145,0.25148,0.25102,0.25119,0.2511,0.25101,0.25081,0.2505,0.25069,0.2508,0.25065,0.25079,0.25067,0.25025,0.24961,0.24887,0.24788,0.24726,0.24533,0.24299,0.23998,0.23699,0.23241,0.22691,0.21933,0.20996,0.20119,0.18712,0.17485,0.15373,0.13489,0.10701,0.075103,0.040003,0.014883,-0.019848,-0.057666,-0.1041,-0.15639,-0.21237,-0.26729,-0.32652,-0.37296,-0.42048,-0.48228,-0.52797,-0.57676,-0.62491,-0.66769,-0.7026,-0.73796,-0.76946,-0.80277,-0.84165,-0.88403,-0.92147,-0.95206,-0.98496,-1.0184,-1.0573,-1.1081
0.26686,0.077399,0.24959,0.24842,0.24881,0.24939,0.24986,0.25044,0.2506,0.25202,0.25183,0.25161,0.2512,0.25136,0.25249,0.25174,0.25133,0.25189,0.25188,0.25113,0.25039,0.25172,0.25187,0.25189,0.25147,0.25084,0.25119,0.25262,0.25185,0.25179,0.25123,0.25222,0.2514,0.25204,0.25206,0.25161,0.25177,0.25168,0.2516,0.25139,0.25109,0.25128,0.25139,0.25124,0.25138,0.25126,0.25084,0.25019,0.24944,0.24843,0.24778,0.24581,0.24342,0.24036,0.2373,0.23262,0.22702,0.21934,0.20986,0.20103,0.18674,0.17446,0.15299,0.13398,0.10582,0.073675,0.038393,0.013192,-0.021741,-0.059766,-0.10651,-0.15915,-0.21555,-0.27076,-0.33023,-0.37674,-0.42426,-0.48567,-0.53168,-0.58041,-0.6281,-0.67021,-0.70438,-0.73882,-0.76944,-0.80176,-0.8396,-0.88068,-0.91667,-0.94586,-0.9772,-1.0092,-1.0468,-1.0964
0.26874,0.074681,0.25009,0.24896,0.24939,0.25003,0.25054,0.25114,0.25133,0.25276,0.25258,0.25237,0.25197,0.25213,0.25325,0.2525,0.25209,0.25264,0.25262,0.25187,0.25113,0.25245,0.25261,0.25264,0.25222,0.2516,0.25195,0.25339,0.25262,0.25256,0.252,0.25299,0.25217,0.2528,0.25282,0.25237,0.25254,0.25245,0.25237,0.25216,0.25185,0.25204,0.25215,0.252,0.25214,0.25202,0.2516,0.25095,0.25019,0.24916,0.24848,0.24648,0.24404,0.24093,0.2378,0.23304,0.22735,0.21957,0.21,0.2011,0.18661,0.17429,0.1525,0.13333,0.1049,0.07252,0.037045,0.011748,-0.023395,-0.061638,-0.1087,-0.1617,-0.21851,-0.27402,-0.33377,-0.38039,-0.42794,-0.48909,-0.53543,-0.58416,-0.63149,-0.67306,-0.70665,-0.74031,-0.7702,-0.80171,-0.83869,-0.87871,-0.91347,-0.94149,-0.97151,-1.0023,-1.0388,-1.0875
0.27037,0.072201,0.25048,0.24938,0.24986,0.25054,0.25109,0.25172,0.25193,0.25337,0.2532,0.253,0.25261,0.25277,0.25388,0.25313,0.25271,0.25325,0.25323,0.25248,0.25174,0.25306,0.25321,0.25325,0.25285,0.25223,0.25259,0.25402,0.25325,0.2532,0.25264,0.25362,0.2528,0.25343,0.25345,0.253,0.25317,0.25308,0.253,0.25279,0.25249,0.25267,0.25277,0.25263,0.25277,0.25265,0.25223,0.25158,0.25081,0.24976,0.24905,0.24702,0.24455,0.24139,0.2382,0.23337,0.22759,0.21973,0.21007,0.20111,0.18644,0.1741,0.15202,0.13271,0.10404,0.071456,0.035815,0.010438,-0.024887,-0.063318,-0.11066,-0.16397,-0.22114,-0.27691,-0.33689,-0.3836,-0.43118,-0.49207,-0.53869,-0.58741,-0.63441,-0.67548,-0.70852,-0.74149,-0.77071,-0.80147,-0.83766,-0.87671,-0.91035,-0.9373,-0.96613,-0.99581,-1.0313,-1.0791
0.27185,0.07038,0.251,0.24992,0.25044,0.25114,0.25172,0.25238,0.2526,0.25405,0.25389,0.2537,0.25331,0.25347,0.25458,0.25383,0.2534,0.25394,0.25391,0.25317,0.25242,0.25374,0.2539,0.25394,0.25354,0.25294,0.25329,0.25472,0.25396,0.2539,0.25334,0.25433,0.25351,0.25413,0.25415,0.2537,0.25387,0.25378,0.2537,0.25349,0.25319,0.25336,0.25347,0.25332,0.25346,0.25335,0.25293,0.25227,0.25149,0.25043,0.2497,0.24765,0.24515,0.24195,0.23871,0.23382,0.22797,0.22004,0.21031,0.2013,0.18648,0.17411,0.15179,0.13235,0.10347,0.07071,0.034911,0.0094518,-0.026043,-0.06465,-0.11224,-0.16583,-0.22333,-0.27935,-0.33956,-0.38638,-0.43402,-0.49476,-0.54164,-0.59039,-0.63719,-0.67791,-0.71057,-0.74303,-0.77177,-0.802,-0.83761,-0.87596,-0.90878,-0.93494,-0.96288,-0.99177,-1.0265,-1.0737
0.27267,0.068939,0.25112,0.25006,0.2506,0.25133,0.25193,0.2526,0.25284,0.25429,0.25413,0.25395,0.25357,0.25372,0.25483,0.25408,0.25365,0.25419,0.25415,0.25341,0.25267,0.25398,0.25413,0.25418,0.25379,0.25319,0.25355,0.25497,0.25421,0.25416,0.2536,0.25458,0.25376,0.25438,0.2544,0.25395,0.25412,0.25403,0.25395,0.25374,0.25344,0.25362,0.25372,0.25358,0.25372,0.2536,0.25318,0.25252,0.25174,0.25067,0.24992,0.24785,0.24533,0.24211,0.23884,0.23391,0.22802,0.22003,0.21026,0.20123,0.1863,0.17393,0.15146,0.13194,0.10294,0.070075,0.034196,0.0087018,-0.026881,-0.065579,-0.1133,-0.16705,-0.22473,-0.28088,-0.3412,-0.38805,-0.43568,-0.49625,-0.54327,-0.59199,-0.63859,-0.67901,-0.71134,-0.74339,-0.77173,-0.80152,-0.83667,-0.87445,-0.90662,-0.93216,-0.95941,-0.98766,-1.0218,-1.0685
0.2744,0.068893,0.25253,0.25147,0.25202,0.25276,0.25337,0.25405,0.25429,0.25575,0.25559,0.25541,0.25503,0.25519,0.2563,0.25554,0.25511,0.25565,0.25561,0.25486,0.25412,0.25544,0.25559,0.25564,0.25525,0.25465,0.25501,0.25644,0.25567,0.25562,0.25506,0.25605,0.25522,0.25585,0.25587,0.25542,0.25558,0.25549,0.25541,0.2552,0.2549,0.25508,0.25518,0.25504,0.25518,0.25506,0.25464,0.25397,0.25319,0.25211,0.25135,0.24927,0.24673,0.24348,0.24018,0.23521,0.22927,0.22124,0.2114,0.2023,0.18727,0.17482,0.15219,0.13255,0.10335,0.070271,0.034174,0.0085294,-0.027274,-0.06621,-0.11424,-0.16832,-0.22637,-0.28287,-0.34354,-0.39066,-0.43855,-0.4994,-0.54671,-0.5957,-0.64248,-0.68304,-0.71546,-0.74755,-0.77594,-0.80577,-0.84097,-0.87879,-0.91094,-0.93644,-0.96364,-0.99186,-1.026,-1.0728
0.27457,0.067968,0.25231,0.25126,0.25183,0.25258,0.2532,0.25389,0.25413,0.25559,0.25544,0.25527,0.25488,0.25504,0.25615,0.2554,0.25497,0.2555,0.25546,0.25471,0.25397,0.25528,0.25544,0.25549,0.2551,0.2545,0.25486,0.25629,0.25553,0.25548,0.25492,0.2559,0.25508,0.2557,0.25572,0.25527,0.25544,0.25535,0.25527,0.25506,0.25475,0.25493,0.25504,0.25489,0.25503,0.25491,0.25449,0.25383,0.25304,0.25196,0.2512,0.2491,0.24655,0.24329,0.23998,0.235,0.22904,0.22098,0.21113,0.20203,0.18695,0.17452,0.15181,0.13215,0.10291,0.069818,0.033715,0.0080795,-0.027735,-0.06668,-0.11473,-0.16885,-0.22694,-0.28344,-0.34411,-0.39119,-0.43902,-0.4997,-0.54704,-0.59595,-0.64257,-0.6829,-0.71509,-0.74691,-0.77503,-0.80457,-0.83946,-0.87689,-0.90863,-0.93374,-0.9605,-0.98831,-1.0221,-1.0685
0.27465,0.067167,0.25207,0.25103,0.25161,0.25237,0.253,0.2537,0.25395,0.25541,0.25527,0.25509,0.25471,0.25487,0.25598,0.25522,0.25479,0.25532,0.25528,0.25453,0.25379,0.2551,0.25526,0.25531,0.25493,0.25433,0.25469,0.25611,0.25536,0.2553,0.25475,0.25573,0.25491,0.25553,0.25555,0.2551,0.25526,0.25517,0.25509,0.25488,0.25458,0.25476,0.25486,0.25472,0.25486,0.25474,0.25432,0.25366,0.25287,0.25178,0.25101,0.24891,0.24635,0.24308,0.23976,0.23476,0.22879,0.22072,0.21085,0.20175,0.18665,0.17422,0.15147,0.13179,0.10253,0.069417,0.033317,0.0076947,-0.028122,-0.067066,-0.11513,-0.16926,-0.22737,-0.28387,-0.34452,-0.39156,-0.43933,-0.49985,-0.54721,-0.59605,-0.64251,-0.68264,-0.71463,-0.7462,-0.77409,-0.80338,-0.838,-0.8751,-0.90648,-0.93125,-0.95763,-0.98509,-1.0185,-1.0646
0.27446,0.066473,0.25164,0.25061,0.2512,0.25197,0.25261,0.25331,0.25357,0.25503,0.25488,0.25471,0.25433,0.25449,0.25559,0.25484,0.25441,0.25493,0.2549,0.25415,0.25341,0.25472,0.25487,0.25493,0.25454,0.25395,0.25431,0.25573,0.25498,0.25493,0.25437,0.25535,0.25453,0.25515,0.25516,0.25472,0.25488,0.2548,0.25471,0.25451,0.2542,0.25438,0.25448,0.25434,0.25448,0.25436,0.25394,0.25328,0.25249,0.2514,0.25063,0.24852,0.24596,0.24269,0.23936,0.23436,0.22837,0.2203,0.21044,0.20134,0.18623,0.17382,0.15105,0.13139,0.10212,0.069037,0.032973,0.0073853,-0.028399,-0.067305,-0.11533,-0.16942,-0.2275,-0.28394,-0.34452,-0.39148,-0.43916,-0.4995,-0.54683,-0.59556,-0.64185,-0.68179,-0.71359,-0.74494,-0.77263,-0.80169,-0.83606,-0.87287,-0.90393,-0.92841,-0.95447,-0.98163,-1.0147,-1.0606
0.27463,0.066517,0.2518,0.25077,0.25136,0.25213,0.25277,0.25347,0.25372,0.25519,0.25504,0.25487,0.25449,0.25465,0.25576,0.255,0.25457,0.25509,0.25506,0.25431,0.25357,0.25488,0.25503,0.25509,0.2547,0.25411,0.25447,0.25589,0.25514,0.25509,0.25453,0.25551,0.25469,0.25531,0.25532,0.25488,0.25504,0.25496,0.25487,0.25467,0.25436,0.25454,0.25464,0.2545,0.25464,0.25452,0.2541,0.25344,0.25265,0.25156,0.25078,0.24868,0.24612,0.24284,0.23951,0.2345,0.22852,0.22044,0.21057,0.20147,0.18635,0.17393,0.15115,0.13147,0.10219,0.069081,0.032995,0.007391,-0.028416,-0.067347,-0.1154,-0.16952,-0.22764,-0.28411,-0.34473,-0.39173,-0.43944,-0.49981,-0.54717,-0.59594,-0.64225,-0.68222,-0.71404,-0.74541,-0.77311,-0.80219,-0.83659,-0.87342,-0.9045,-0.929,-0.95507,-0.98225,-1.0154,-1.0612
0.27558,0.067488,0.25295,0.25191,0.25249,0.25325,0.25388,0.25458,0.25483,0.2563,0.25615,0.25598,0.25559,0.25576,0.25687,0.25611,0.25568,0.25621,0.25617,0.25542,0.25467,0.25599,0.25615,0.2562,0.25581,0.25521,0.25557,0.257,0.25624,0.25619,0.25563,0.25661,0.25579,0.25641,0.25643,0.25598,0.25615,0.25606,0.25598,0.25577,0.25546,0.25564,0.25575,0.2556,0.25574,0.25562,0.2552,0.25454,0.25374,0.25265,0.25188,0.24978,0.24721,0.24393,0.2406,0.23559,0.22959,0.2215,0.2116,0.20247,0.18732,0.17485,0.15202,0.13228,0.10292,0.0697,0.033477,0.0077656,-0.028172,-0.067249,-0.11547,-0.16978,-0.22809,-0.28478,-0.34564,-0.39285,-0.44079,-0.50153,-0.54905,-0.59807,-0.6447,-0.68499,-0.71711,-0.74882,-0.77683,-0.80625,-0.84101,-0.87828,-0.90981,-0.9347,-0.96121,-0.98881,-1.0224,-1.0687
0.27479,0.067228,0.2522,0.25116,0.25174,0.2525,0.25313,0.25383,0.25408,0.25554,0.2554,0.25522,0.25484,0.255,0.25611,0.25535,0.25492,0.25545,0.25541,0.25466,0.25392,0.25523,0.25539,0.25544,0.25506,0.25446,0.25482,0.25624,0.25549,0.25544,0.25488,0.25586,0.25504,0.25566,0.25568,0.25523,0.25539,0.25531,0.25522,0.25502,0.25471,0.25489,0.25499,0.25485,0.25499,0.25487,0.25445,0.25379,0.253,0.25191,0.25114,0.24904,0.24648,0.24321,0.23989,0.23489,0.22891,0.22084,0.21097,0.20186,0.18675,0.17432,0.15155,0.13187,0.10259,0.069466,0.033348,0.007712,-0.028122,-0.067085,-0.11517,-0.16933,-0.22747,-0.28399,-0.34468,-0.39174,-0.43954,-0.5001,-0.54748,-0.59634,-0.64283,-0.68299,-0.715,-0.7466,-0.77451,-0.80382,-0.83846,-0.8756,-0.907,-0.93179,-0.9582,-0.98569,-1.0191,-1.0653
0.27425,0.067312,0.25179,0.25075,0.25133,0.25209,0.25271,0.2534,0.25365,0.25511,0.25497,0.25479,0.25441,0.25457,0.25568,0.25492,0.25449,0.25502,0.25498,0.25423,0.25349,0.2548,0.25496,0.25501,0.25463,0.25403,0.25439,0.25581,0.25505,0.255,0.25445,0.25543,0.25461,0.25523,0.25525,0.2548,0.25496,0.25487,0.25479,0.25458,0.25428,0.25446,0.25456,0.25442,0.25456,0.25444,0.25402,0.25336,0.25257,0.25148,0.25072,0.24862,0.24607,0.24281,0.2395,0.23451,0.22854,0.22049,0.21064,0.20155,0.18648,0.17407,0.15136,0.13172,0.1025,0.06944,0.033389,0.0077983,-0.027968,-0.066859,-0.11485,-0.1689,-0.22693,-0.28335,-0.34392,-0.39091,-0.43863,-0.49912,-0.54641,-0.5952,-0.64164,-0.68178,-0.71378,-0.74538,-0.7733,-0.80262,-0.83728,-0.87443,-0.90587,-0.9307,-0.95716,-0.98469,-1.0181,-1.0643
0.27454,0.0682,0.25238,0.25133,0.25189,0.25264,0.25325,0.25394,0.25419,0.25565,0.2555,0.25532,0.25493,0.25509,0.25621,0.25545,0.25502,0.25555,0.25552,0.25477,0.25402,0.25534,0.2555,0.25554,0.25515,0.25456,0.25491,0.25634,0.25558,0.25553,0.25497,0.25595,0.25513,0.25575,0.25577,0.25532,0.25549,0.2554,0.25532,0.25511,0.25481,0.25498,0.25509,0.25494,0.25508,0.25497,0.25454,0.25388,0.25309,0.25201,0.25125,0.24916,0.24661,0.24335,0.24005,0.23506,0.22911,0.22106,0.21121,0.20211,0.18704,0.1746,0.15192,0.13226,0.10303,0.069934,0.03383,0.0081906,-0.027624,-0.066568,-0.11462,-0.16873,-0.22681,-0.28332,-0.34399,-0.39108,-0.43893,-0.49966,-0.547,-0.59593,-0.64259,-0.68298,-0.71522,-0.74711,-0.7753,-0.80491,-0.83988,-0.87742,-0.90926,-0.93446,-0.96133,-0.98925,-1.0231,-1.0696
0.27436,0.068599,0.25238,0.25132,0.25188,0.25262,0.25323,0.25391,0.25415,0.25561,0.25546,0.25528,0.2549,0.25506,0.25617,0.25541,0.25498,0.25552,0.25548,0.25473,0.25399,0.25531,0.25546,0.25551,0.25512,0.25452,0.25488,0.2563,0.25554,0.25549,0.25493,0.25592,0.2551,0.25572,0.25574,0.25529,0.25545,0.25536,0.25528,0.25507,0.25477,0.25495,0.25505,0.25491,0.25505,0.25493,0.25451,0.25385,0.25306,0.25198,0.25122,0.24913,0.24659,0.24334,0.24004,0.23507,0.22913,0.22109,0.21125,0.20215,0.18711,0.17467,0.15203,0.13239,0.10318,0.070115,0.034028,0.0083952,-0.027399,-0.066324,-0.11434,-0.16842,-0.22646,-0.28294,-0.34359,-0.39068,-0.43854,-0.49932,-0.54662,-0.59557,-0.64229,-0.68276,-0.7151,-0.74711,-0.77541,-0.80514,-0.84024,-0.87793,-0.90996,-0.93533,-0.96239,-0.99048,-1.0245,-1.0712
0.2736,0.068273,0.25162,0.25057,0.25113,0.25187,0.25248,0.25317,0.25341,0.25486,0.25471,0.25453,0.25415,0.25431,0.25542,0.25466,0.25423,0.25477,0.25473,0.25398,0.25324,0.25455,0.25471,0.25476,0.25437,0.25377,0.25413,0.25555,0.25479,0.25474,0.25418,0.25516,0.25435,0.25497,0.25499,0.25454,0.2547,0.25461,0.25453,0.25432,0.25402,0.2542,0.2543,0.25416,0.2543,0.25418,0.25376,0.2531,0.25231,0.25124,0.25048,0.2484,0.24586,0.24262,0.23933,0.23437,0.22844,0.22042,0.2106,0.20154,0.18654,0.17413,0.15154,0.13195,0.10283,0.069851,0.033866,0.0083079,-0.027386,-0.066201,-0.11408,-0.16801,-0.22589,-0.28221,-0.34269,-0.38964,-0.43735,-0.49793,-0.54511,-0.5939,-0.64046,-0.68079,-0.71301,-0.74488,-0.77306,-0.80267,-0.83763,-0.87516,-0.90703,-0.93228,-0.9592,-0.98715,-1.021,-1.0675
0.27288,0.067856,0.25087,0.24983,0.25039,0.25113,0.25174,0.25242,0.25267,0.25412,0.25397,0.25379,0.25341,0.25357,0.25467,0.25392,0.25349,0.25402,0.25399,0.25324,0.2525,0.25381,0.25397,0.25401,0.25363,0.25303,0.25339,0.25481,0.25405,0.254,0.25344,0.25442,0.25361,0.25422,0.25424,0.2538,0.25396,0.25387,0.25379,0.25358,0.25328,0.25346,0.25356,0.25342,0.25356,0.25344,0.25302,0.25236,0.25158,0.2505,0.24975,0.24767,0.24514,0.2419,0.23861,0.23366,0.22775,0.21974,0.20995,0.20091,0.18594,0.17357,0.15103,0.13149,0.10244,0.069545,0.033659,0.008174,-0.027424,-0.066133,-0.11389,-0.16767,-0.2254,-0.28157,-0.34188,-0.38869,-0.43625,-0.49663,-0.54368,-0.59232,-0.63871,-0.67887,-0.71094,-0.74266,-0.7707,-0.80015,-0.83493,-0.87227,-0.90395,-0.92903,-0.95577,-0.98354,-1.0172,-1.0635
0.27406,0.068837,0.25222,0.25116,0.25172,0.25245,0.25306,0.25374,0.25398,0.25544,0.25528,0.2551,0.25472,0.25488,0.25599,0.25523,0.2548,0.25534,0.25531,0.25455,0.25381,0.25513,0.25528,0.25533,0.25494,0.25434,0.2547,0.25613,0.25536,0.25531,0.25475,0.25574,0.25492,0.25554,0.25556,0.25511,0.25527,0.25519,0.2551,0.25489,0.25459,0.25477,0.25487,0.25473,0.25487,0.25475,0.25433,0.25367,0.25288,0.2518,0.25105,0.24897,0.24643,0.24318,0.23989,0.23493,0.229,0.22097,0.21115,0.20206,0.18705,0.17462,0.15201,0.1324,0.10323,0.070199,0.034146,0.0085331,-0.027226,-0.066114,-0.11408,-0.1681,-0.22608,-0.2825,-0.3431,-0.39016,-0.43799,-0.49878,-0.54603,-0.59496,-0.64169,-0.68221,-0.71459,-0.74666,-0.77501,-0.80481,-0.83999,-0.87777,-0.9099,-0.93538,-0.96256,-0.99075,-1.0248,-1.0716
0.27427,0.068776,0.25237,0.25131,0.25187,0.25261,0.25321,0.2539,0.25413,0.25559,0.25544,0.25526,0.25487,0.25503,0.25615,0.25539,0.25496,0.2555,0.25546,0.25471,0.25397,0.25528,0.25544,0.25549,0.2551,0.2545,0.25485,0.25628,0.25552,0.25547,0.25491,0.25589,0.25507,0.2557,0.25572,0.25526,0.25543,0.25534,0.25526,0.25505,0.25475,0.25492,0.25503,0.25488,0.25502,0.25491,0.25448,0.25382,0.25304,0.25196,0.2512,0.24912,0.24658,0.24333,0.24003,0.23507,0.22913,0.22109,0.21126,0.20217,0.18714,0.1747,0.15207,0.13244,0.10325,0.070194,0.034116,0.0084863,-0.027299,-0.066214,-0.11422,-0.16827,-0.2263,-0.28276,-0.3434,-0.39049,-0.43835,-0.49915,-0.54644,-0.59539,-0.64214,-0.68265,-0.71503,-0.74709,-0.77544,-0.80522,-0.84038,-0.87814,-0.91025,-0.9357,-0.96284,-0.99101,-1.0251,-1.0718
0.27449,0.068333,0.25238,0.25133,0.25189,0.25264,0.25325,0.25394,0.25418,0.25564,0.25549,0.25531,0.25493,0.25509,0.2562,0.25544,0.25501,0.25554,0.25551,0.25476,0.25401,0.25533,0.25549,0.25554,0.25515,0.25455,0.25491,0.25633,0.25557,0.25552,0.25496,0.25594,0.25512,0.25575,0.25577,0.25532,0.25548,0.25539,0.25531,0.2551,0.2548,0.25497,0.25508,0.25493,0.25508,0.25496,0.25454,0.25387,0.25309,0.252,0.25124,0.24915,0.24661,0.24335,0.24005,0.23507,0.22912,0.22107,0.21122,0.20212,0.18707,0.17463,0.15195,0.1323,0.10308,0.069994,0.033896,0.0082582,-0.02755,-0.066489,-0.11453,-0.16863,-0.2267,-0.28319,-0.34386,-0.39096,-0.43881,-0.49955,-0.54688,-0.59582,-0.6425,-0.68292,-0.71519,-0.74712,-0.77535,-0.805,-0.84002,-0.8776,-0.9095,-0.93476,-0.9617,-0.98967,-1.0236,-1.0701
0.27437,0.067425,0.25193,0.25089,0.25147,0.25222,0.25285,0.25354,0.25379,0.25525,0.2551,0.25493,0.25454,0.2547,0.25581,0.25506,0.25463,0.25515,0.25512,0.25437,0.25363,0.25494,0.2551,0.25515,0.25476,0.25417,0.25452,0.25595,0.25519,0.25514,0.25458,0.25556,0.25474,0.25536,0.25538,0.25493,0.2551,0.25501,0.25493,0.25472,0.25441,0.25459,0.2547,0.25455,0.25469,0.25457,0.25415,0.25349,0.2527,0.25162,0.25085,0.24876,0.2462,0.24294,0.23963,0.23464,0.22868,0.22062,0.21077,0.20167,0.1866,0.17418,0.15147,0.13182,0.10259,0.069513,0.033446,0.0078415,-0.027941,-0.06685,-0.11486,-0.16894,-0.22699,-0.28343,-0.34404,-0.39105,-0.4388,-0.49933,-0.54664,-0.59546,-0.64194,-0.68211,-0.71415,-0.7458,-0.77375,-0.80311,-0.83781,-0.87501,-0.90651,-0.93139,-0.95789,-0.98547,-1.019,-1.0652
0.27401,0.066476,0.25128,0.25025,0.25084,0.2516,0.25223,0.25294,0.25319,0.25465,0.2545,0.25433,0.25395,0.25411,0.25521,0.25446,0.25403,0.25456,0.25452,0.25377,0.25303,0.25434,0.2545,0.25455,0.25417,0.25358,0.25393,0.25535,0.2546,0.25455,0.25399,0.25497,0.25415,0.25477,0.25478,0.25434,0.2545,0.25442,0.25433,0.25413,0.25382,0.254,0.2541,0.25396,0.2541,0.25398,0.25356,0.2529,0.25211,0.25102,0.25025,0.24815,0.2456,0.24233,0.23901,0.23402,0.22805,0.21999,0.21014,0.20106,0.18598,0.17359,0.15086,0.13123,0.10201,0.068982,0.032975,0.0074255,-0.028302,-0.067147,-0.1151,-0.1691,-0.22708,-0.28343,-0.34392,-0.39081,-0.43842,-0.49869,-0.54594,-0.59461,-0.64084,-0.68075,-0.71252,-0.74386,-0.77153,-0.80058,-0.83493,-0.87173,-0.90279,-0.92728,-0.95334,-0.98051,-1.0136,-1.0594
0.27442,0.066517,0.25163,0.2506,0.25119,0.25195,0.25259,0.25329,0.25355,0.25501,0.25486,0.25469,0.25431,0.25447,0.25557,0.25482,0.25439,0.25491,0.25488,0.25413,0.25339,0.2547,0.25485,0.25491,0.25452,0.25393,0.25429,0.25571,0.25496,0.25491,0.25435,0.25533,0.25451,0.25513,0.25514,0.2547,0.25486,0.25477,0.25469,0.25448,0.25418,0.25436,0.25446,0.25432,0.25446,0.25434,0.25392,0.25326,0.25247,0.25138,0.25061,0.2485,0.24594,0.24267,0.23935,0.23434,0.22836,0.22029,0.21043,0.20133,0.18623,0.17382,0.15106,0.13139,0.10214,0.069054,0.032995,0.0074094,-0.02837,-0.067272,-0.11529,-0.16937,-0.22744,-0.28387,-0.34445,-0.39141,-0.43909,-0.49943,-0.54675,-0.59548,-0.64177,-0.68172,-0.71353,-0.7449,-0.77259,-0.80166,-0.83605,-0.87288,-0.90396,-0.92845,-0.95453,-0.98171,-1.0148,-1.0607
0.27573,0.067497,0.25309,0.25204,0.25262,0.25339,0.25402,0.25472,0.25497,0.25644,0.25629,0.25611,0.25573,0.25589,0.257,0.25624,0.25581,0.25634,0.2563,0.25555,0.25481,0.25613,0.25628,0.25633,0.25595,0.25535,0.25571,0.25714,0.25638,0.25633,0.25577,0.25675,0.25593,0.25655,0.25657,0.25612,0.25629,0.2562,0.25611,0.25591,0.2556,0.25578,0.25588,0.25574,0.25588,0.25576,0.25534,0.25467,0.25388,0.25279,0.25202,0.24991,0.24734,0.24406,0.24073,0.23571,0.22971,0.22161,0.21171,0.20257,0.18741,0.17493,0.15209,0.13234,0.10296,0.069724,0.033481,0.0077566,-0.028201,-0.067299,-0.11555,-0.16989,-0.22823,-0.28496,-0.34585,-0.39308,-0.44104,-0.50182,-0.54936,-0.5984,-0.64505,-0.68536,-0.71749,-0.74921,-0.77723,-0.80665,-0.84143,-0.87871,-0.91024,-0.93513,-0.96165,-0.98925,-1.0228,-1.0691
0.27508,0.066848,0.2523,0.25126,0.25185,0.25262,0.25325,0.25396,0.25421,0.25567,0.25553,0.25536,0.25498,0.25514,0.25624,0.25549,0.25505,0.25558,0.25554,0.25479,0.25405,0.25536,0.25552,0.25557,0.25519,0.2546,0.25496,0.25638,0.25562,0.25557,0.25501,0.25599,0.25517,0.25579,0.25581,0.25536,0.25553,0.25544,0.25536,0.25515,0.25485,0.25502,0.25513,0.25498,0.25512,0.255,0.25458,0.25392,0.25313,0.25204,0.25126,0.24916,0.24659,0.24332,0.23998,0.23497,0.22898,0.22089,0.21101,0.20189,0.18675,0.17431,0.1515,0.13179,0.10247,0.069308,0.033159,0.0075077,-0.02836,-0.067358,-0.11549,-0.1697,-0.22791,-0.28449,-0.34521,-0.3923,-0.44011,-0.50063,-0.54806,-0.59693,-0.64337,-0.68346,-0.71539,-0.74688,-0.77469,-0.80389,-0.83842,-0.8754,-0.90664,-0.93126,-0.95749,-0.98481,-1.0181,-1.0641
0.2751,0.066641,0.25223,0.2512,0.25179,0.25256,0.2532,0.2539,0.25416,0.25562,0.25548,0.2553,0.25493,0.25509,0.25619,0.25544,0.255,0.25553,0.25549,0.25474,0.254,0.25531,0.25547,0.25552,0.25514,0.25455,0.25491,0.25633,0.25557,0.25552,0.25496,0.25594,0.25512,0.25574,0.25576,0.25531,0.25548,0.25539,0.25531,0.2551,0.25479,0.25497,0.25508,0.25493,0.25507,0.25495,0.25453,0.25387,0.25308,0.25199,0.25121,0.2491,0.24654,0.24326,0.23992,0.2349,0.22891,0.22082,0.21093,0.20181,0.18667,0.17423,0.15141,0.1317,0.10237,0.069204,0.033056,0.0074085,-0.028459,-0.067456,-0.11559,-0.16981,-0.22802,-0.28459,-0.34531,-0.39239,-0.44018,-0.50066,-0.54809,-0.59695,-0.64334,-0.68338,-0.71526,-0.74669,-0.77444,-0.80357,-0.83802,-0.87493,-0.90607,-0.9306,-0.95673,-0.98396,-1.0171,-1.0631
0.2746,0.066202,0.25166,0.25063,0.25123,0.252,0.25264,0.25334,0.2536,0.25506,0.25492,0.25475,0.25437,0.25453,0.25563,0.25488,0.25445,0.25497,0.25493,0.25418,0.25344,0.25475,0.25491,0.25496,0.25458,0.25399,0.25435,0.25577,0.25501,0.25496,0.25441,0.25538,0.25457,0.25518,0.2552,0.25475,0.25492,0.25483,0.25475,0.25454,0.25424,0.25441,0.25452,0.25437,0.25451,0.2544,0.25398,0.25332,0.25252,0.25143,0.25066,0.24855,0.24599,0.24271,0.23938,0.23436,0.22837,0.22029,0.21042,0.20132,0.18619,0.17378,0.15098,0.13131,0.10202,0.068916,0.032839,0.0072451,-0.028554,-0.067476,-0.11553,-0.16964,-0.22775,-0.28421,-0.34481,-0.39178,-0.43946,-0.49976,-0.54711,-0.59584,-0.64209,-0.68197,-0.71371,-0.74498,-0.77259,-0.80157,-0.83585,-0.87256,-0.9035,-0.92786,-0.95378,-0.98083,-1.0138,-1.0596
0.27546,0.06699,0.25267,0.25163,0.25222,0.25299,0.25362,0.25433,0.25458,0.25605,0.2559,0.25573,0.25535,0.25551,0.25661,0.25586,0.25543,0.25595,0.25592,0.25516,0.25442,0.25574,0.25589,0.25594,0.25556,0.25497,0.25533,0.25675,0.25599,0.25594,0.25538,0.25636,0.25554,0.25616,0.25618,0.25573,0.2559,0.25581,0.25573,0.25552,0.25522,0.25539,0.2555,0.25535,0.25549,0.25537,0.25495,0.25429,0.2535,0.2524,0.25163,0.24952,0.24695,0.24367,0.24033,0.23532,0.22932,0.22122,0.21132,0.20219,0.18703,0.17457,0.15173,0.132,0.10264,0.06943,0.03323,0.007541,-0.028377,-0.06743,-0.11563,-0.16992,-0.22821,-0.28486,-0.34568,-0.39283,-0.44071,-0.50133,-0.54883,-0.59777,-0.64428,-0.68444,-0.71643,-0.74798,-0.77584,-0.8051,-0.83969,-0.87675,-0.90805,-0.93273,-0.95901,-0.98639,-1.0197,-1.0658
0.27465,0.066574,0.25184,0.25081,0.2514,0.25217,0.2528,0.25351,0.25376,0.25522,0.25508,0.25491,0.25453,0.25469,0.25579,0.25504,0.25461,0.25513,0.2551,0.25435,0.25361,0.25492,0.25507,0.25512,0.25474,0.25415,0.25451,0.25593,0.25517,0.25512,0.25457,0.25554,0.25473,0.25534,0.25536,0.25491,0.25508,0.25499,0.25491,0.2547,0.2544,0.25457,0.25468,0.25453,0.25467,0.25456,0.25414,0.25347,0.25268,0.25159,0.25082,0.24872,0.24616,0.24288,0.23955,0.23454,0.22856,0.22048,0.21061,0.20151,0.18639,0.17397,0.15118,0.13151,0.10222,0.069114,0.033024,0.0074158,-0.028395,-0.06733,-0.11539,-0.16952,-0.22763,-0.28412,-0.34474,-0.39174,-0.43946,-0.49986,-0.54722,-0.59599,-0.64232,-0.68231,-0.71414,-0.74554,-0.77325,-0.80235,-0.83677,-0.87362,-0.90473,-0.92925,-0.95535,-0.98256,-1.0157,-1.0616
0.27516,0.067191,0.25249,0.25145,0.25204,0.2528,0.25343,0.25413,0.25438,0.25585,0.2557,0.25553,0.25515,0.25531,0.25641,0.25566,0.25523,0.25575,0.25572,0.25497,0.25422,0.25554,0.2557,0.25575,0.25536,0.25477,0.25513,0.25655,0.25579,0.25574,0.25518,0.25616,0.25534,0.25596,0.25598,0.25553,0.2557,0.25561,0.25553,0.25532,0.25502,0.25519,0.2553,0.25515,0.25529,0.25517,0.25475,0.25409,0.2533,0.25221,0.25144,0.24933,0.24677,0.24349,0.24016,0.23516,0.22917,0.22108,0.2112,0.20208,0.18695,0.1745,0.1517,0.13199,0.10266,0.069494,0.03333,0.0076627,-0.028218,-0.067232,-0.11538,-0.16961,-0.22783,-0.28443,-0.34519,-0.39231,-0.44016,-0.50077,-0.54821,-0.59713,-0.64365,-0.68383,-0.71586,-0.74746,-0.77537,-0.80468,-0.83933,-0.87646,-0.90785,-0.93262,-0.959,-0.98647,-1.0199,-1.0661
0.27513,0.067324,0.25252,0.25148,0.25206,0.25282,0.25345,0.25415,0.2544,0.25587,0.25572,0.25555,0.25516,0.25532,0.25643,0.25568,0.25525,0.25577,0.25574,0.25499,0.25424,0.25556,0.25572,0.25577,0.25538,0.25478,0.25514,0.25657,0.25581,0.25576,0.2552,0.25618,0.25536,0.25598,0.256,0.25555,0.25572,0.25563,0.25555,0.25534,0.25503,0.25521,0.25532,0.25517,0.25531,0.25519,0.25477,0.25411,0.25332,0.25223,0.25146,0.24935,0.24679,0.24352,0.24019,0.23519,0.2292,0.22112,0.21124,0.20212,0.18699,0.17454,0.15175,0.13204,0.10272,0.069559,0.033395,0.0077274,-0.028152,-0.067164,-0.11531,-0.16953,-0.22775,-0.28434,-0.3451,-0.39223,-0.44009,-0.50072,-0.54816,-0.59709,-0.64363,-0.68385,-0.7159,-0.74755,-0.7755,-0.80485,-0.83954,-0.87673,-0.90818,-0.933,-0.95945,-0.98698,-1.0205,-1.0667
0.27472,0.067006,0.25206,0.25102,0.25161,0.25237,0.253,0.2537,0.25395,0.25542,0.25527,0.2551,0.25472,0.25488,0.25598,0.25523,0.2548,0.25532,0.25529,0.25454,0.2538,0.25511,0.25526,0.25532,0.25493,0.25434,0.2547,0.25612,0.25536,0.25531,0.25475,0.25573,0.25491,0.25553,0.25555,0.2551,0.25527,0.25518,0.2551,0.25489,0.25459,0.25476,0.25487,0.25472,0.25486,0.25474,0.25432,0.25366,0.25287,0.25178,0.25101,0.24891,0.24635,0.24308,0.23976,0.23475,0.22877,0.2207,0.21083,0.20172,0.18661,0.17419,0.15142,0.13174,0.10246,0.069343,0.033237,0.0076133,-0.02821,-0.067161,-0.11523,-0.16937,-0.2275,-0.28401,-0.34467,-0.39171,-0.43948,-0.49997,-0.54734,-0.59618,-0.64261,-0.6827,-0.71465,-0.74618,-0.77403,-0.80326,-0.83783,-0.87487,-0.90617,-0.93087,-0.95718,-0.98457,-1.0179,-1.064
0.27489,0.067083,0.25223,0.25119,0.25177,0.25254,0.25317,0.25387,0.25412,0.25558,0.25544,0.25526,0.25488,0.25504,0.25615,0.25539,0.25496,0.25549,0.25545,0.2547,0.25396,0.25527,0.25543,0.25548,0.2551,0.2545,0.25486,0.25629,0.25553,0.25548,0.25492,0.2559,0.25508,0.2557,0.25572,0.25527,0.25543,0.25535,0.25526,0.25506,0.25475,0.25493,0.25503,0.25489,0.25503,0.25491,0.25449,0.25383,0.25304,0.25195,0.25118,0.24907,0.24651,0.24324,0.23991,0.23491,0.22892,0.22085,0.21097,0.20186,0.18674,0.17431,0.15153,0.13184,0.10254,0.069404,0.033276,0.0076351,-0.02821,-0.067185,-0.11529,-0.16946,-0.22762,-0.28417,-0.34486,-0.39193,-0.43973,-0.50028,-0.54767,-0.59654,-0.64301,-0.68314,-0.71512,-0.74667,-0.77455,-0.80381,-0.83841,-0.87549,-0.90683,-0.93156,-0.9579,-0.98532,-1.0187,-1.0648
0.27482,0.066988,0.25214,0.2511,0.25168,0.25245,0.25308,0.25378,0.25403,0.25549,0.25535,0.25517,0.2548,0.25496,0.25606,0.25531,0.25487,0.2554,0.25536,0.25461,0.25387,0.25519,0.25534,0.25539,0.25501,0.25442,0.25477,0.2562,0.25544,0.25539,0.25483,0.25581,0.25499,0.25561,0.25563,0.25518,0.25535,0.25526,0.25518,0.25497,0.25466,0.25484,0.25495,0.2548,0.25494,0.25482,0.2544,0.25374,0.25295,0.25186,0.25109,0.24899,0.24643,0.24315,0.23983,0.23482,0.22884,0.22076,0.21089,0.20178,0.18666,0.17423,0.15145,0.13177,0.10248,0.069347,0.033229,0.0075964,-0.028239,-0.067203,-0.11529,-0.16945,-0.2276,-0.28413,-0.34481,-0.39186,-0.43964,-0.50015,-0.54754,-0.59639,-0.64282,-0.68292,-0.71488,-0.7464,-0.77425,-0.80348,-0.83804,-0.87508,-0.90638,-0.93107,-0.95736,-0.98474,-1.0181,-1.0641
0.27474,0.066928,0.25205,0.25101,0.2516,0.25237,0.253,0.2537,0.25395,0.25541,0.25527,0.25509,0.25471,0.25487,0.25598,0.25522,0.25479,0.25532,0.25528,0.25453,0.25379,0.2551,0.25526,0.25531,0.25493,0.25433,0.25469,0.25611,0.25536,0.25531,0.25475,0.25573,0.25491,0.25553,0.25555,0.2551,0.25526,0.25518,0.2551,0.25489,0.25458,0.25476,0.25487,0.25472,0.25486,0.25474,0.25432,0.25366,0.25287,0.25178,0.25101,0.2489,0.24635,0.24307,0.23975,0.23474,0.22876,0.22068,0.21082,0.20171,0.18659,0.17417,0.15139,0.13171,0.10243,0.069306,0.033199,0.0075748,-0.028251,-0.067203,-0.11528,-0.16943,-0.22756,-0.28407,-0.34473,-0.39177,-0.43953,-0.50002,-0.54739,-0.59622,-0.64263,-0.68271,-0.71465,-0.74615,-0.77398,-0.80319,-0.83773,-0.87474,-0.90601,-0.93067,-0.95694,-0.9843,-1.0176,-1.0636
0.27454,0.066818,0.25184,0.25081,0.25139,0.25216,0.25279,0.25349,0.25374,0.2552,0.25506,0.25488,0.25451,0.25467,0.25577,0.25502,0.25458,0.25511,0.25507,0.25432,0.25358,0.25489,0.25505,0.2551,0.25472,0.25413,0.25448,0.25591,0.25515,0.2551,0.25454,0.25552,0.2547,0.25532,0.25534,0.25489,0.25506,0.25497,0.25489,0.25468,0.25437,0.25455,0.25466,0.25451,0.25465,0.25453,0.25411,0.25345,0.25266,0.25157,0.2508,0.2487,0.24614,0.24287,0.23955,0.23455,0.22857,0.2205,0.21063,0.20153,0.18643,0.17401,0.15125,0.13158,0.10232,0.069224,0.033144,0.0075405,-0.028258,-0.06718,-0.11522,-0.16933,-0.22742,-0.28388,-0.3445,-0.3915,-0.43922,-0.49965,-0.54698,-0.59577,-0.64214,-0.68217,-0.71407,-0.74553,-0.77331,-0.80248,-0.83698,-0.87393,-0.90515,-0.92977,-0.95599,-0.9833,-1.0166,-1.0625
0.27422,0.0667,0.25154,0.2505,0.25109,0.25185,0.25249,0.25319,0.25344,0.2549,0.25475,0.25458,0.2542,0.25436,0.25546,0.25471,0.25428,0.25481,0.25477,0.25402,0.25328,0.25459,0.25475,0.2548,0.25441,0.25382,0.25418,0.2556,0.25485,0.25479,0.25424,0.25522,0.2544,0.25502,0.25503,0.25459,0.25475,0.25466,0.25458,0.25437,0.25407,0.25425,0.25435,0.25421,0.25435,0.25423,0.25381,0.25315,0.25236,0.25127,0.2505,0.2484,0.24585,0.24258,0.23926,0.23426,0.22829,0.22023,0.21038,0.20129,0.1862,0.17379,0.15106,0.13141,0.10218,0.069124,0.033086,0.0075126,-0.028244,-0.067122,-0.11511,-0.16915,-0.22717,-0.28358,-0.34412,-0.39106,-0.43872,-0.49907,-0.54636,-0.59508,-0.64139,-0.68137,-0.71321,-0.74463,-0.77237,-0.8015,-0.83593,-0.87283,-0.904,-0.92857,-0.95474,-0.982,-1.0152,-1.0611
0.27434,0.066949,0.25173,0.25069,0.25128,0.25204,0.25267,0.25336,0.25362,0.25508,0.25493,0.25476,0.25438,0.25454,0.25564,0.25489,0.25446,0.25498,0.25495,0.2542,0.25346,0.25477,0.25492,0.25497,0.25459,0.254,0.25436,0.25578,0.25502,0.25497,0.25441,0.25539,0.25457,0.25519,0.25521,0.25476,0.25493,0.25484,0.25476,0.25455,0.25425,0.25442,0.25453,0.25438,0.25452,0.2544,0.25398,0.25332,0.25253,0.25145,0.25068,0.24858,0.24602,0.24276,0.23944,0.23444,0.22847,0.22041,0.21056,0.20146,0.18637,0.17396,0.15123,0.13158,0.10234,0.069266,0.033209,0.0076195,-0.028155,-0.067052,-0.11506,-0.16913,-0.22717,-0.2836,-0.34418,-0.39116,-0.43886,-0.49929,-0.54659,-0.59536,-0.64173,-0.68178,-0.7137,-0.74519,-0.77301,-0.80222,-0.83675,-0.87375,-0.90503,-0.92971,-0.95599,-0.98336,-1.0167,-1.0627
0.27441,0.06709,0.25184,0.2508,0.25139,0.25215,0.25277,0.25347,0.25372,0.25518,0.25504,0.25486,0.25448,0.25464,0.25575,0.25499,0.25456,0.25509,0.25505,0.2543,0.25356,0.25487,0.25503,0.25508,0.2547,0.2541,0.25446,0.25588,0.25513,0.25508,0.25452,0.2555,0.25468,0.2553,0.25532,0.25487,0.25503,0.25495,0.25487,0.25466,0.25435,0.25453,0.25464,0.25449,0.25463,0.25451,0.25409,0.25343,0.25264,0.25155,0.25079,0.24869,0.24613,0.24287,0.23955,0.23455,0.22858,0.22052,0.21066,0.20157,0.18648,0.17406,0.15133,0.13167,0.10243,0.069348,0.03328,0.0076798,-0.028106,-0.067015,-0.11504,-0.16912,-0.22718,-0.28363,-0.34423,-0.39123,-0.43895,-0.49942,-0.54674,-0.59553,-0.64194,-0.68204,-0.71399,-0.74553,-0.7734,-0.80265,-0.83723,-0.8743,-0.90564,-0.93038,-0.95673,-0.98416,-1.0175,-1.0636
0.27429,0.066952,0.25169,0.25065,0.25124,0.252,0.25263,0.25332,0.25358,0.25504,0.25489,0.25472,0.25434,0.2545,0.2556,0.25485,0.25442,0.25494,0.25491,0.25416,0.25342,0.25473,0.25488,0.25493,0.25455,0.25396,0.25432,0.25574,0.25498,0.25493,0.25437,0.25535,0.25453,0.25515,0.25517,0.25472,0.25489,0.2548,0.25472,0.25451,0.25421,0.25438,0.25449,0.25434,0.25448,0.25436,0.25394,0.25328,0.25249,0.25141,0.25064,0.24854,0.24599,0.24272,0.2394,0.23441,0.22844,0.22038,0.21052,0.20143,0.18635,0.17394,0.15121,0.13156,0.10233,0.069261,0.033211,0.0076252,-0.028143,-0.067034,-0.11503,-0.16909,-0.22713,-0.28355,-0.34412,-0.39108,-0.43878,-0.4992,-0.54649,-0.59526,-0.64162,-0.68167,-0.71358,-0.74508,-0.7729,-0.8021,-0.83663,-0.87364,-0.90491,-0.9296,-0.95588,-0.98325,-1.0166,-1.0626
0.27444,0.066988,0.25183,0.25079,0.25138,0.25214,0.25277,0.25346,0.25372,0.25518,0.25503,0.25486,0.25448,0.25464,0.25574,0.25499,0.25456,0.25508,0.25505,0.2543,0.25356,0.25487,0.25502,0.25508,0.25469,0.2541,0.25446,0.25588,0.25512,0.25507,0.25451,0.25549,0.25467,0.25529,0.25531,0.25486,0.25503,0.25494,0.25486,0.25465,0.25435,0.25452,0.25463,0.25448,0.25462,0.25451,0.25408,0.25342,0.25263,0.25155,0.25078,0.24868,0.24612,0.24285,0.23953,0.23454,0.22856,0.2205,0.21064,0.20154,0.18645,0.17403,0.15129,0.13163,0.10238,0.069299,0.033229,0.0076288,-0.028159,-0.067072,-0.1151,-0.16918,-0.22725,-0.28371,-0.34431,-0.3913,-0.43903,-0.49947,-0.5468,-0.59559,-0.64198,-0.68205,-0.71398,-0.74549,-0.77332,-0.80255,-0.83709,-0.87412,-0.90541,-0.93011,-0.95641,-0.98379,-1.0171,-1.0632
0.27434,0.066885,0.25171,0.25067,0.25126,0.25202,0.25265,0.25335,0.2536,0.25506,0.25491,0.25474,0.25436,0.25452,0.25562,0.25487,0.25444,0.25497,0.25493,0.25418,0.25344,0.25475,0.25491,0.25496,0.25457,0.25398,0.25434,0.25576,0.255,0.25495,0.2544,0.25537,0.25456,0.25517,0.25519,0.25474,0.25491,0.25482,0.25474,0.25453,0.25423,0.2544,0.25451,0.25436,0.25451,0.25439,0.25397,0.25331,0.25252,0.25143,0.25066,0.24856,0.24601,0.24274,0.23942,0.23442,0.22845,0.22039,0.21053,0.20144,0.18635,0.17394,0.1512,0.13155,0.1023,0.069233,0.033177,0.007589,-0.028185,-0.067082,-0.11509,-0.16916,-0.2272,-0.28363,-0.34421,-0.39118,-0.43888,-0.49929,-0.5466,-0.59536,-0.64172,-0.68175,-0.71365,-0.74513,-0.77293,-0.80211,-0.83662,-0.8736,-0.90485,-0.9295,-0.95575,-0.9831,-1.0164,-1.0624
0.27391,0.066724,0.25129,0.25025,0.25084,0.2516,0.25223,0.25293,0.25318,0.25464,0.25449,0.25432,0.25394,0.2541,0.2552,0.25445,0.25402,0.25454,0.25451,0.25376,0.25302,0.25433,0.25448,0.25454,0.25415,0.25356,0.25392,0.25534,0.25458,0.25453,0.25398,0.25495,0.25414,0.25475,0.25477,0.25432,0.25449,0.2544,0.25432,0.25411,0.25381,0.25398,0.25409,0.25394,0.25408,0.25397,0.25355,0.25289,0.2521,0.25101,0.25025,0.24815,0.2456,0.24233,0.23902,0.23403,0.22806,0.22001,0.21018,0.20109,0.18603,0.17364,0.15093,0.13131,0.10211,0.069096,0.033098,0.0075515,-0.028165,-0.066999,-0.11493,-0.16891,-0.22687,-0.28321,-0.34368,-0.39058,-0.4382,-0.4985,-0.54573,-0.59441,-0.64068,-0.68064,-0.71248,-0.74388,-0.77162,-0.80075,-0.83518,-0.87208,-0.90325,-0.92784,-0.95403,-0.98131,-1.0145,-1.0604
0.27313,0.066716,0.25065,0.24961,0.25019,0.25095,0.25158,0.25227,0.25252,0.25397,0.25383,0.25366,0.25328,0.25344,0.25454,0.25379,0.25336,0.25388,0.25385,0.2531,0.25236,0.25367,0.25382,0.25387,0.25349,0.2529,0.25326,0.25467,0.25392,0.25387,0.25332,0.25429,0.25347,0.25409,0.25411,0.25366,0.25383,0.25374,0.25366,0.25345,0.25315,0.25332,0.25343,0.25328,0.25342,0.25331,0.25289,0.25223,0.25144,0.25036,0.2496,0.24751,0.24496,0.24171,0.23841,0.23344,0.22749,0.21947,0.20966,0.2006,0.18558,0.17322,0.15059,0.13103,0.10192,0.068993,0.033094,0.0076149,-0.028003,-0.06673,-0.11453,-0.16836,-0.22615,-0.28233,-0.34265,-0.38942,-0.43692,-0.49709,-0.54419,-0.59275,-0.63893,-0.67882,-0.71061,-0.74199,-0.7697,-0.7988,-0.8332,-0.87007,-0.90124,-0.92583,-0.95203,-0.97931,-1.0125,-1.0583
0.2721,0.067028,0.24991,0.24887,0.24944,0.25019,0.25081,0.25149,0.25174,0.25319,0.25304,0.25287,0.25249,0.25265,0.25374,0.253,0.25257,0.25309,0.25306,0.25231,0.25158,0.25288,0.25304,0.25309,0.2527,0.25211,0.25247,0.25388,0.25313,0.25308,0.25252,0.2535,0.25268,0.2533,0.25332,0.25287,0.25304,0.25295,0.25287,0.25266,0.25236,0.25253,0.25264,0.25249,0.25263,0.25252,0.2521,0.25144,0.25066,0.24959,0.24883,0.24675,0.24422,0.24099,0.2377,0.23276,0.22685,0.21886,0.20909,0.20007,0.18513,0.1728,0.15029,0.1308,0.10182,0.069021,0.033248,0.0078522,-0.027636,-0.066225,-0.11384,-0.16747,-0.22504,-0.28102,-0.34113,-0.38777,-0.43514,-0.4952,-0.54212,-0.59055,-0.63668,-0.67656,-0.70838,-0.73981,-0.76758,-0.79675,-0.83121,-0.86817,-0.89948,-0.92422,-0.95059,-0.978,-1.0113,-1.0572
0.27054,0.067797,0.24893,0.24788,0.24843,0.24916,0.24976,0.25043,0.25067,0.25211,0.25196,0.25178,0.2514,0.25156,0.25265,0.25191,0.25148,0.25201,0.25198,0.25124,0.2505,0.2518,0.25196,0.252,0.25162,0.25102,0.25138,0.25279,0.25204,0.25199,0.25143,0.2524,0.25159,0.25221,0.25223,0.25178,0.25195,0.25186,0.25178,0.25157,0.25127,0.25145,0.25155,0.25141,0.25155,0.25143,0.25101,0.25036,0.24959,0.24852,0.24778,0.24572,0.24321,0.24001,0.23676,0.23186,0.226,0.21807,0.20837,0.1994,0.18458,0.17231,0.14998,0.13062,0.10183,0.069217,0.03363,0.00835,-0.026948,-0.065334,-0.11268,-0.16601,-0.22324,-0.27894,-0.33875,-0.3852,-0.4324,-0.49237,-0.53902,-0.5873,-0.6334,-0.67335,-0.70528,-0.73689,-0.76484,-0.79421,-0.82887,-0.8661,-0.89775,-0.92284,-0.94959,-0.97736,-1.0109,-1.057
0.26903,0.069466,0.24833,0.24726,0.24778,0.24848,0.24905,0.2497,0.24992,0.25135,0.2512,0.25101,0.25063,0.25078,0.25188,0.25114,0.25072,0.25125,0.25122,0.25048,0.24975,0.25105,0.2512,0.25124,0.25085,0.25025,0.25061,0.25202,0.25126,0.25121,0.25066,0.25163,0.25082,0.25144,0.25146,0.25101,0.25118,0.25109,0.25101,0.2508,0.2505,0.25068,0.25079,0.25064,0.25078,0.25066,0.25025,0.2496,0.24883,0.24778,0.24705,0.24502,0.24254,0.23937,0.23617,0.23133,0.22554,0.21768,0.20805,0.19914,0.18446,0.17222,0.15013,0.13089,0.1023,0.069882,0.034458,0.009267,-0.025857,-0.064061,-0.11115,-0.16419,-0.22109,-0.27653,-0.33611,-0.38243,-0.42955,-0.48963,-0.53602,-0.58424,-0.63052,-0.67077,-0.70305,-0.73511,-0.7635,-0.79335,-0.82853,-0.86641,-0.8988,-0.92462,-0.95218,-0.98069,-1.015,-1.0616
