9.0694e-05,0,1.8556e-05,-0.00018208,-0.00035439,-0.0005156,-0.00054756,-0.00054358,-0.00059641,-0.00082722,-0.0010043,-0.001401,-0.0018631,-0.0019034,-0.0019107,-0.0019149,-0.0019152,-0.0019276,-0.0019163,-0.0019495,-0.0020553,-0.0021146,-0.0022532,-0.0023874,-0.0024165,-0.0024276,-0.0024577,-0.002621,-0.0026479,-0.0027,-0.0028491,-0.0032996,-0.0033513,-0.0033992,-0.0043487,-0.0044342,-0.0069348,-0.0069879,-0.0071308,-0.0073245,-0.0083126,-0.009591,-0.010554,-0.014671,-0.020572,-0.034783,-0.054599,-0.070093,-0.10246,-0.13616,-0.16338,-0.2212,-0.30116,-0.40949,-0.51977,-0.68395,-0.95588,-1.5139,-2.4683,-3.7798,-5.3918,-7.6555,-10.44,-13.067,-16.797,-21.258,-25.497,-31.002,-35.771,-41.592,-47.518,-54.253,-61.237,-69.707,-78.751,-85.272,-92.574,-100.36,-108.24,-116.99,-125.61,-133.82,-141.37,-147.66,-154.88,-162.58,-170.89,-178.57,-185.61,-192.29,-198.82,-205.11,-212.19,-220.41
0,0,0,0,0,0,0,0,0,0,0,0,0,0,0,0,0,0,0,0,0,0,0,0,0,0,0,0,0,0,0,0,0,0,0,0,0,0,0,0,0,0,0,0,0,0,0,0,0,0,0,0,0,0,0,0,0,0,0,0,0,0,0,0,0,0,0,0,0,0,0,0,0,0,0,0,0,0,0,0,0,0,0,0,0,0,0,0,0,0,0,0,0,0
1.8556e-05,0,3.7966e-06,-3.7253e-05,-7.2509e-05,-0.00010549,-0.00011203,-0.00011122,-0.00012203,-0.00016925,-0.00020548,-0.00028665,-0.0003812,-0.00038943,-0.00039093,-0.0003918,-0.00039185,-0.00039439,-0.00039207,-0.00039888,-0.00042052,-0.00043266,-0.00046101,-0.00048848,-0.00049442,-0.0004967,-0.00050285,-0.00053625,-0.00054177,-0.00055242,-0.00058294,-0.00067511,-0.00068568,-0.0006955,-0.00088975,-0.00090725,-0.0014189,-0.0014297,-0.001459,-0.0014986,-0.0017008,-0.0019624,-0.0021594,-0.0030017,-0.004209,-0.0071168,-0.011171,-0.014341,-0.020963,-0.027859,-0.033428,-0.045259,-0.061619,-0.083783,-0.10635,-0.13994,-0.19558,-0.30975,-0.50501,-0.77337,-1.1032,-1.5663,-2.1361,-2.6736,-3.4368,-4.3494,-5.2168,-6.3432,-7.3188,-8.5099,-9.7223,-11.1,-12.529,-14.262,-16.113,-17.447,-18.941,-20.533,-22.145,-23.937,-25.701,-27.38,-28.925,-30.212,-31.688,-33.264,-34.964,-36.537,-37.976,-39.344,-40.679,-41.965,-43.414,-45.096
-0.00018208,0,-3.7253e-05,0.00036553,0.00071147,0.0010351,0.0010993,0.0010913,0.0011973,0.0016607,0.0020162,0.0028127,0.0037404,0.0038212,0.0038358,0.0038444,0.0038449,0.0038698,0.0038471,0.0039139,0.0041262,0.0042453,0.0045235,0.004793,0.0048513,0.0048737,0.004934,0.0052618,0.0053159,0.0054205,0.0057199,0.0066243,0.006728,0.0068243,0.0087304,0.0089021,0.013922,0.014029,0.014316,0.014705,0.016688,0.019255,0.021188,0.029453,0.041299,0.069831,0.10961,0.14072,0.20569,0.27336,0.328,0.44409,0.60461,0.82209,1.0435,1.3731,1.919,3.0393,4.9553,7.5884,10.825,15.369,20.959,26.234,33.722,42.677,51.188,62.24,71.813,83.5,95.396,108.92,122.94,139.94,158.1,171.19,185.85,201.47,217.29,234.88,252.18,268.65,283.82,296.44,310.93,326.39,343.07,358.5,372.62,386.05,399.15,411.77,425.98,442.49
-0.00035439,0,-7.2509e-05,0.00071147,0.0013848,0.0020147,0.0021396,0.0021241,0.0023305,0.0032324,0.0039242,0.0054745,0.0072803,0.0074375,0.007466,0.0074826,0.0074837,0.0075322,0.0074879,0.0076179,0.0080312,0.008263,0.0088045,0.009329,0.0094425,0.009486,0.0096035,0.010241,0.010347,0.01055,0.011133,0.012893,0.013095,0.013283,0.016993,0.017327,0.027098,0.027306,0.027864,0.028621,0.032482,0.037477,0.041241,0.057327,0.080384,0.13592,0.21335,0.27389,0.40035,0.53206,0.63842,0.86436,1.1768,1.6001,2.031,2.6726,3.7351,5.9156,9.6448,14.77,21.069,29.914,40.795,51.061,65.636,83.066,99.632,121.14,139.78,162.52,185.68,211.99,239.29,272.38,307.72,333.2,361.74,392.14,422.93,457.16,490.84,522.9,552.42,576.99,605.19,635.28,667.75,697.79,725.27,751.4,776.89,801.46,829.13,861.24
-0.0005156,0,-0.00010549,0.0010351,0.0020147,0.0029872,0.0031129,0.0030903,0.003455,0.0047028,0.0057867,0.0080328,0.010705,0.010939,0.010981,0.01101,0.011012,0.011082,0.011018,0.01121,0.011823,0.012166,0.012951,0.013713,0.01388,0.013945,0.01412,0.015024,0.015182,0.015483,0.016342,0.018916,0.019216,0.019494,0.025029,0.025525,0.039991,0.040301,0.041185,0.042384,0.04856,0.056078,0.062197,0.088537,0.12594,0.21308,0.33841,0.4319,0.62732,0.82976,0.99844,1.3592,1.8438,2.5142,3.1787,4.1771,5.8436,9.2911,15.202,23.447,33.49,47.641,65.006,81.239,104.42,131.43,157.11,190.8,219.63,254.84,290.92,331.49,373.75,424.73,479.52,518.81,562.55,609.4,656.76,709.45,761.35,810.73,855.93,893.43,936.49,983.36,1033,1078.7,1120.6,1160.4,1198.8,1235.8,1277.6,1326.1
-0.00054756,0,-0.00011203,0.0010993,0.0021396,0.0031129,0.0033059,0.0032819,0.0036008,0.0049943,0.0060633,0.0084587,0.011249,0.011492,0.011536,0.011561,0.011563,0.011638,0.011569,0.01177,0.012409,0.012767,0.013604,0.014414,0.01459,0.014657,0.014838,0.015824,0.015987,0.016301,0.017202,0.019921,0.020233,0.020523,0.026255,0.026772,0.041869,0.04219,0.043052,0.044222,0.050187,0.057906,0.063721,0.088576,0.1242,0.21001,0.32964,0.42319,0.61858,0.82209,0.98642,1.3355,1.8183,2.4723,3.1381,4.1294,5.7712,9.1401,14.902,22.821,32.553,46.22,63.032,78.895,101.41,128.34,153.94,187.18,215.97,251.11,286.89,327.55,369.72,420.86,475.46,514.83,558.92,605.9,653.47,706.35,758.39,807.94,853.54,891.5,935.07,981.56,1031.7,1078.1,1120.6,1161,1200.4,1238.3,1281.1,1330.7
-0.00054358,0,-0.00011122,0.0010913,0.0021241,0.0030903,0.0032819,0.003258,0.0035746,0.004958,0.0060192,0.0083972,0.011167,0.011408,0.011452,0.011477,0.011479,0.011553,0.011485,0.011685,0.012319,0.012674,0.013505,0.014309,0.014483,0.01455,0.01473,0.015709,0.01587,0.016183,0.017077,0.019777,0.020086,0.020374,0.026064,0.026577,0.041564,0.041883,0.042739,0.0439,0.049822,0.057485,0.063257,0.087932,0.1233,0.20848,0.32724,0.42011,0.61408,0.81611,0.97925,1.3258,1.8051,2.4543,3.1153,4.0993,5.7292,9.0736,14.794,22.655,32.316,45.884,62.573,78.321,100.68,127.41,152.82,185.82,214.4,249.29,284.8,325.17,367.03,417.79,472,511.09,554.85,601.49,648.72,701.21,752.87,802.06,847.33,885.01,928.27,974.42,1024.2,1070.3,1112.5,1152.5,1191.6,1229.3,1271.8,1321
-0.00059641,0,-0.00012203,0.0011973,0.0023305,0.003455,0.0036008,0.0035746,0.0039962,0.0054398,0.0066932,0.0092914,0.012382,0.012652,0.012702,0.012735,0.012738,0.012818,0.012744,0.012966,0.013675,0.014072,0.01498,0.015861,0.016054,0.01613,0.016332,0.017378,0.01756,0.017909,0.018902,0.02188,0.022226,0.022548,0.02895,0.029524,0.046256,0.046614,0.047637,0.049023,0.056164,0.064859,0.071934,0.10239,0.14563,0.2464,0.39131,0.49942,0.72541,0.95953,1.1546,1.5717,2.1321,2.9073,3.6757,4.8303,6.7574,10.744,17.579,27.112,38.725,55.087,75.165,93.936,120.74,151.98,181.68,220.63,253.97,294.69,336.41,383.33,432.19,491.15,554.51,599.95,650.53,704.72,759.49,820.42,880.44,937.54,989.81,1033.2,1083,1137.2,1194.6,1247.4,1295.9,1341.9,1386.3,1429.1,1477.5,1533.6
-0.00082722,0,-0.00016925,0.0016607,0.0032324,0.0047028,0.0049943,0.004958,0.0054398,0.0075451,0.0091599,0.012779,0.016994,0.017361,0.017427,0.017466,0.017468,0.017582,0.017478,0.017782,0.018746,0.019287,0.020552,0.021776,0.022041,0.022142,0.022417,0.023906,0.024152,0.024627,0.025987,0.030096,0.030567,0.031005,0.039664,0.040444,0.063252,0.063737,0.06504,0.066807,0.075819,0.08748,0.096264,0.13381,0.18763,0.31726,0.498,0.63932,0.9345,1.2419,1.4902,2.0176,2.7469,3.735,4.7408,6.2383,8.7186,13.808,22.513,34.476,49.179,69.826,95.224,119.19,153.21,193.89,232.56,282.77,326.27,379.36,433.41,494.84,558.55,635.8,718.29,777.77,844.37,915.35,987.22,1067.1,1145.7,1220.6,1289.5,1346.8,1412.6,1482.9,1558.7,1628.8,1692.9,1753.9,1813.4,1870.8,1935.4,2010.3
-0.0010043,0,-0.00020548,0.0020162,0.0039242,0.0057867,0.0060633,0.0060192,0.0066932,0.0091599,0.011227,0.015608,0.020787,0.021239,0.021322,0.021375,0.021379,0.021515,0.021391,0.021763,0.022949,0.023615,0.025146,0.02663,0.026954,0.02708,0.027418,0.029194,0.029498,0.030082,0.031748,0.036755,0.037335,0.037874,0.048578,0.049538,0.077573,0.078173,0.079854,0.082134,0.093848,0.10835,0.11991,0.16955,0.24022,0.40637,0.64333,0.82237,1.1965,1.5847,1.9054,2.59,3.517,4.7919,6.065,7.9729,11.151,17.71,28.95,44.563,63.628,90.467,123.42,154.31,198.34,250.03,299.15,363.41,418.6,485.99,554.9,632.64,713.51,811.21,916.02,991.3,1075.2,1165,1255.8,1356.8,1456.3,1550.9,1637.7,1709.7,1792.4,1882,1977.3,2065.2,2145.8,2222.2,2296.3,2367.6,2448.2,2541.7
-0.001401,0,-0.00028665,0.0028127,0.0054745,0.0080328,0.0084587,0.0083972,0.0092914,0.012779,0.015608,0.021725,0.028918,0.029546,0.02966,0.029731,0.029736,0.029927,0.029753,0.03027,0.031917,0.032841,0.034979,0.037051,0.037502,0.037676,0.038145,0.040638,0.04106,0.041871,0.044188,0.051163,0.051968,0.052716,0.06755,0.068883,0.10781,0.10865,0.11094,0.11405,0.12999,0.15004,0.1657,0.23286,0.32869,0.55593,0.87742,1.1233,1.6371,2.171,2.6083,3.5405,4.8121,6.5517,8.3008,10.916,15.263,24.217,39.549,60.766,86.734,123.26,168.13,210.3,270.31,341.23,408.63,496.57,572.32,664.82,759.25,866.06,977.06,1111.3,1255.1,1358.6,1474.1,1597.4,1722.3,1861.1,1997.8,2127.8,2247.2,2346.5,2460.5,2583.2,2714.4,2835.6,2946.6,3052,3154.4,3253.1,3364.3,3493.5
-0.0018631,0,-0.0003812,0.0037404,0.0072803,0.010705,0.011249,0.011167,0.012382,0.016994,0.020787,0.028918,0.038503,0.039339,0.039492,0.039587,0.039595,0.039848,0.039617,0.040306,0.042501,0.043732,0.046574,0.049329,0.049929,0.050161,0.050786,0.054093,0.054655,0.055736,0.058821,0.068103,0.069175,0.070173,0.089954,0.091731,0.1436,0.14471,0.14779,0.15197,0.17339,0.20016,0.22125,0.31174,0.44073,0.74549,1.1781,1.5073,2.1952,2.9095,3.4968,4.7493,6.4525,8.7879,11.129,14.633,20.462,32.481,53.066,81.599,116.49,165.58,225.87,282.46,363.07,458.05,548.32,666.23,767.67,891.53,1018.1,1161,1309.7,1489.4,1682,1820.4,1974.9,2140,2307.1,2492.8,2675.8,2849.8,3009.6,3142.3,3294.6,3459.1,3634.5,3796.6,3945,4085.8,4222.5,4354.2,4502.8,4675.3
-0.0019034,0,-0.00038943,0.0038212,0.0074375,0.010939,0.011492,0.011408,0.012652,0.017361,0.021239,0.029546,0.039339,0.040194,0.04035,0.040448,0.040456,0.040714,0.040478,0.041182,0.043425,0.044683,0.047587,0.0504,0.051013,0.051251,0.05189,0.055267,0.055841,0.056946,0.060098,0.069581,0.070677,0.071696,0.091911,0.093726,0.14673,0.14786,0.15101,0.15529,0.1772,0.20456,0.22613,0.31871,0.45067,0.76231,1.2049,1.5415,2.2448,2.975,3.5756,4.8567,6.598,8.9865,11.38,14.963,20.924,33.215,54.267,83.454,119.14,169.35,231.02,288.89,371.33,468.44,560.74,681.3,785.01,911.65,1041,1187.2,1339.2,1522.9,1719.8,1861.3,2019.3,2188.1,2358.9,2548.8,2735.8,2913.7,3077,3212.7,3368.4,3536.5,3715.9,3881.6,4033.3,4177.2,4317,4451.5,4603.4,4779.7
-0.0019107,0,-0.00039093,0.0038358,0.007466,0.010981,0.011536,0.011452,0.012702,0.017427,0.021322,0.02966,0.039492,0.04035,0.040506,0.040605,0.040613,0.040872,0.040635,0.041342,0.043593,0.044856,0.047771,0.050595,0.051211,0.051449,0.052091,0.05548,0.056057,0.057166,0.060331,0.06985,0.07095,0.071973,0.092268,0.09409,0.1473,0.14844,0.1516,0.15589,0.1779,0.20536,0.22703,0.32001,0.45253,0.76546,1.2099,1.5479,2.254,2.9872,3.5903,4.8768,6.6252,9.0236,11.427,15.024,21.01,33.352,54.492,83.802,119.63,170.06,231.99,290.1,372.88,470.39,563.06,684.13,788.26,915.41,1045.3,1192.1,1344.7,1529.1,1726.8,1869,2027.5,2197,2368.5,2559.2,2746.9,2925.6,3089.6,3225.8,3382.1,3551,3731.1,3897.4,4049.7,4194.2,4334.5,4469.6,4622.1,4799
-0.0019149,0,-0.0003918,0.0038444,0.0074826,0.01101,0.011561,0.011477,0.012735,0.017466,0.021375,0.029731,0.039587,0.040448,0.040605,0.040704,0.040712,0.040971,0.040734,0.041442,0.0437,0.044966,0.047887,0.050718,0.051335,0.051574,0.052217,0.055612,0.056191,0.057302,0.060475,0.070016,0.071119,0.072145,0.092495,0.094321,0.14767,0.14881,0.15198,0.15629,0.17839,0.20593,0.22768,0.32108,0.45417,0.76823,1.2146,1.5536,2.2622,2.9977,3.6031,4.8947,6.6491,9.0567,11.468,15.078,21.085,33.474,54.695,84.125,120.1,170.72,232.9,291.23,374.33,472.17,565.16,686.66,791.14,918.73,1049.1,1196.3,1349.4,1534.5,1732.9,1875.5,2034.6,2204.6,2376.7,2568,2756.3,2935.6,3100.1,3236.7,3393.6,3563,3743.6,3910.4,4063.2,4208.2,4348.9,4484.4,4637.3,4814.8
-0.0019152,0,-0.00039185,0.0038449,0.0074837,0.011012,0.011563,0.011479,0.012738,0.017468,0.021379,0.029736,0.039595,0.040456,0.040613,0.040712,0.04072,0.040979,0.040742,0.041451,0.043709,0.044975,0.047896,0.050728,0.051345,0.051584,0.052227,0.055622,0.056201,0.057313,0.060486,0.070029,0.071132,0.072158,0.092513,0.09434,0.1477,0.14884,0.15202,0.15633,0.17843,0.20599,0.22776,0.32122,0.45439,0.76862,1.2153,1.5545,2.2633,2.9991,3.6049,4.8972,6.6525,9.0613,11.473,15.085,21.096,33.491,54.724,84.173,120.17,170.82,233.03,291.4,374.55,472.43,565.46,687.02,791.55,919.19,1049.6,1196.9,1350.1,1535.2,1733.7,1876.4,2035.5,2205.7,2377.7,2569.1,2757.6,2937,3101.5,3238.1,3395.1,3564.6,3745.3,3912.2,4065,4210,4350.8,4486.3,4639.3,4816.8
-0.0019276,0,-0.00039439,0.0038698,0.0075322,0.011082,0.011638,0.011553,0.012818,0.017582,0.021515,0.029927,0.039848,0.040714,0.040872,0.040971,0.040979,0.041241,0.041002,0.041715,0.043987,0.045262,0.048202,0.051052,0.051673,0.051913,0.05256,0.055979,0.056561,0.05768,0.060873,0.070478,0.071588,0.07262,0.093102,0.094941,0.14864,0.14979,0.15298,0.15731,0.17955,0.20727,0.22916,0.32312,0.45703,0.77307,1.2222,1.5634,2.2764,3.0166,3.6259,4.9255,6.691,9.1136,11.54,15.173,21.218,33.684,55.038,84.651,120.85,171.78,234.35,293.05,376.67,475.13,568.71,690.97,796.12,924.51,1055.7,1203.9,1358,1544.2,1743.9,1887.4,2047.5,2218.6,2391.7,2584.3,2773.8,2954.3,3119.8,3257.3,3415.1,3585.6,3767.4,3935.3,4089.1,4235,4376.6,4513,4666.9,4845.5
-0.0019163,0,-0.00039207,0.0038471,0.0074879,0.011018,0.011569,0.011485,0.012744,0.017478,0.021391,0.029753,0.039617,0.040478,0.040635,0.040734,0.040742,0.041002,0.040764,0.041473,0.043732,0.044999,0.047922,0.050755,0.051372,0.051612,0.052255,0.055653,0.056232,0.057344,0.060519,0.070067,0.071171,0.072198,0.092563,0.094391,0.14778,0.14892,0.1521,0.15641,0.17852,0.20609,0.22787,0.32136,0.45458,0.76894,1.2157,1.5551,2.2642,3.0004,3.6064,4.8992,6.6552,9.0651,11.478,15.092,21.104,33.505,54.746,84.206,120.21,170.89,233.12,291.51,374.69,472.62,565.69,687.3,791.88,919.58,1050.1,1197.4,1350.7,1535.9,1734.5,1877.2,2036.4,2206.6,2378.8,2570.3,2758.8,2938.2,3102.8,3239.6,3396.6,3566.1,3746.9,3913.9,4066.8,4211.9,4352.7,4488.3,4641.4,4819
-0.0019495,0,-0.00039888,0.0039139,0.0076179,0.01121,0.01177,0.011685,0.012966,0.017782,0.021763,0.03027,0.040306,0.041182,0.041342,0.041442,0.041451,0.041715,0.041473,0.042195,0.044493,0.045782,0.048756,0.051638,0.052266,0.052509,0.053164,0.056621,0.05721,0.058341,0.061572,0.071286,0.072409,0.073453,0.094174,0.096034,0.15035,0.15151,0.15475,0.15913,0.18164,0.20969,0.23185,0.327,0.46258,0.78246,1.2372,1.5825,2.304,3.0531,3.6698,4.9854,6.7723,9.2245,11.68,15.357,21.475,34.094,55.71,85.689,122.33,173.9,237.23,296.65,381.3,480.94,575.65,699.4,805.81,935.75,1068.5,1218.5,1374.4,1562.9,1764.9,1910.1,2072.2,2245.4,2420.5,2615.4,2807.2,2989.8,3157.3,3296.4,3456.2,3628.7,3812.7,3982.6,4138.2,4285.8,4429.1,4567,4722.8,4903.5
-0.0020553,0,-0.00042052,0.0041262,0.0080312,0.011823,0.012409,0.012319,0.013675,0.018746,0.022949,0.031917,0.042501,0.043425,0.043593,0.0437,0.043709,0.043987,0.043732,0.044493,0.046917,0.048277,0.051412,0.05445,0.055112,0.055369,0.05606,0.059702,0.060323,0.061516,0.064923,0.075165,0.076349,0.077451,0.099306,0.10127,0.15855,0.15978,0.16319,0.16782,0.19159,0.22118,0.24459,0.34513,0.48836,0.82608,1.3064,1.6709,2.4325,3.223,3.8742,5.2637,7.1497,9.7392,12.331,16.212,22.672,35.996,58.821,90.488,129.19,183.65,250.53,313.27,402.66,507.84,607.81,738.45,850.77,987.92,1128.1,1286.3,1450.9,1649.8,1863.1,2016.4,2187.3,2370.1,2555,2760.6,2963.1,3155.8,3332.6,3479.4,3647.9,3830.1,4024.2,4203.5,4367.7,4523.4,4674.6,4820.1,4984.4,5175.1
-0.0021146,0,-0.00043266,0.0042453,0.008263,0.012166,0.012767,0.012674,0.014072,0.019287,0.023615,0.032841,0.043732,0.044683,0.044856,0.044966,0.044975,0.045262,0.044999,0.045782,0.048277,0.049676,0.052901,0.056027,0.056709,0.056973,0.057683,0.06143,0.062069,0.063297,0.066802,0.07734,0.078559,0.079693,0.10218,0.1042,0.16315,0.16441,0.16793,0.17269,0.19717,0.22762,0.25174,0.35529,0.5028,0.85052,1.3452,1.7204,2.5044,3.3182,3.9887,5.4195,7.3612,10.028,12.695,16.691,23.342,37.062,60.564,93.176,133.03,189.11,257.99,322.59,414.63,522.91,625.83,760.33,875.96,1017.1,1161.5,1324.4,1493.8,1698.6,1918.1,2075.9,2251.9,2440.1,2630.4,2842,3050.5,3248.9,3430.8,3581.9,3755.4,3942.9,4142.8,4327.3,4496.3,4656.6,4812.2,4961.9,5131.1,5327.3
-0.0022532,0,-0.00046101,0.0045235,0.0088045,0.012951,0.013604,0.013505,0.01498,0.020552,0.025146,0.034979,0.046574,0.047587,0.047771,0.047887,0.047896,0.048202,0.047922,0.048756,0.051412,0.052901,0.056339,0.059669,0.060395,0.060676,0.061433,0.06543,0.06611,0.067418,0.07115,0.082376,0.083673,0.08488,0.10882,0.11097,0.17372,0.17506,0.1788,0.18386,0.20982,0.24221,0.26777,0.37749,0.53386,0.90302,1.4274,1.8261,2.6591,3.5239,4.2354,5.7532,7.8158,10.645,13.48,17.724,24.785,39.346,64.286,98.868,141.14,200.63,273.7,342.26,439.92,554.94,664.27,807.09,929.92,1079.9,1233.2,1406.3,1586.3,1803.9,2037.1,2204.7,2391.8,2591.8,2794,3018.9,3240.4,3451.2,3644.6,3805.2,3989.7,4188.8,4401.3,4597.4,4777.1,4947.5,5113.1,5272.4,5452.3,5661
-0.0023874,0,-0.00048848,0.004793,0.009329,0.013713,0.014414,0.014309,0.015861,0.021776,0.02663,0.037051,0.049329,0.0504,0.050595,0.050718,0.050728,0.051052,0.050755,0.051638,0.05445,0.056027,0.059669,0.063199,0.063968,0.064265,0.065066,0.069305,0.070025,0.07141,0.075363,0.087255,0.088629,0.089907,0.11524,0.11752,0.18397,0.18539,0.18933,0.19468,0.22209,0.25637,0.28333,0.39906,0.56406,0.95408,1.5075,1.9289,2.8095,3.7239,4.4754,6.0778,8.2579,11.246,14.243,18.728,26.189,41.568,67.908,104.41,149.05,211.85,289,361.41,464.54,586.12,701.67,852.57,982.42,1141,1302.9,1486,1676.2,1906.3,2152.8,2330,2527.8,2739.2,2953.1,3190.9,3425,3647.9,3852.4,4022.3,4217.4,4427.8,4652.5,4860,5050,5230.3,5405.4,5574,5764.4,5985.2
-0.0024165,0,-0.00049442,0.0048513,0.0094425,0.01388,0.01459,0.014483,0.016054,0.022041,0.026954,0.037502,0.049929,0.051013,0.051211,0.051335,0.051345,0.051673,0.051372,0.052266,0.055112,0.056709,0.060395,0.063968,0.064746,0.065047,0.065857,0.070148,0.070877,0.072278,0.07628,0.088317,0.089707,0.091,0.11665,0.11895,0.18621,0.18765,0.19163,0.19704,0.22479,0.25948,0.28678,0.40391,0.57091,0.96567,1.5258,1.9523,2.8436,3.7691,4.5297,6.1517,8.3583,11.383,14.416,18.956,26.507,42.073,68.732,105.68,150.86,214.42,292.5,365.8,470.18,593.24,710.2,862.93,994.36,1154.8,1318.8,1504,1696.6,1929.4,2179,2358.3,2558.5,2772.5,2989,3229.7,3466.7,3692.2,3899.2,4071.2,4268.6,4481.6,4709.1,4919,5111.4,5293.9,5471.1,5641.8,5834.4,6057.9
-0.0024276,0,-0.0004967,0.0048737,0.009486,0.013945,0.014657,0.01455,0.01613,0.022142,0.02708,0.037676,0.050161,0.051251,0.051449,0.051574,0.051584,0.051913,0.051612,0.052509,0.055369,0.056973,0.060676,0.064265,0.065047,0.065349,0.066164,0.070474,0.071206,0.072614,0.076634,0.088726,0.090123,0.091423,0.11719,0.1195,0.18708,0.18852,0.19253,0.19797,0.22585,0.26071,0.28814,0.40588,0.57372,0.97043,1.5334,1.962,2.8576,3.7876,4.552,6.1821,8.3994,11.439,14.487,19.049,26.637,42.281,69.073,106.2,151.61,215.49,293.97,367.62,472.53,596.18,713.72,867.2,999.27,1160.5,1325.3,1511.4,1704.9,1938.9,2189.6,2369.9,2571.1,2786.1,3003.6,3245.4,3483.6,3710.3,3918.2,4091,4289.4,4503.5,4732,4943,5136.3,5319.6,5497.7,5669.2,5862.7,6087.3
-0.0024577,0,-0.00050285,0.004934,0.0096035,0.01412,0.014838,0.01473,0.016332,0.022417,0.027418,0.038145,0.050786,0.05189,0.052091,0.052217,0.052227,0.05256,0.052255,0.053164,0.05606,0.057683,0.061433,0.065066,0.065857,0.066164,0.066988,0.071351,0.072093,0.073518,0.077588,0.089831,0.091245,0.092561,0.11865,0.12099,0.18942,0.19088,0.19494,0.20044,0.22869,0.26399,0.29179,0.41109,0.58114,0.98299,1.5534,1.9875,2.8946,3.8365,4.6108,6.2622,8.5081,11.587,14.675,19.295,26.982,42.828,69.97,107.59,153.59,218.31,297.81,372.42,478.69,603.94,722.98,878.45,1012.2,1175.5,1342.4,1530.9,1726.9,1963.9,2217.9,2400.4,2604.2,2821.9,3042.2,3287.2,3528.4,3758,3968.6,4143.6,4344.5,4561.4,4792.8,5006.5,5202.2,5387.9,5568.2,5741.9,5937.9,6165.3
-0.002621,0,-0.00053625,0.0052618,0.010241,0.015024,0.015824,0.015709,0.017378,0.023906,0.029194,0.040638,0.054093,0.055267,0.05548,0.055612,0.055622,0.055979,0.055653,0.056621,0.059702,0.06143,0.06543,0.069305,0.070148,0.070474,0.071351,0.076017,0.076806,0.078323,0.082657,0.095705,0.09721,0.098609,0.12635,0.12884,0.20166,0.20322,0.2075,0.21332,0.24311,0.28061,0.30987,0.43534,0.6144,1.0392,1.6399,2.0996,3.0602,4.0583,4.8757,6.6178,8.995,12.246,15.516,20.405,28.531,45.266,73.922,113.57,162.1,230.36,314.23,393.03,505.19,637.77,763.78,928.16,1069.8,1242.7,1419.2,1618.9,1826.4,2077.5,2346.3,2539.7,2755.6,2986.3,3219.7,3479.2,3734.7,3977.9,4201.2,4386.8,4599.8,4829.2,5074.6,5301.3,5508.8,5705.9,5897.4,6081.8,6289.9,6531.4
-0.0026479,0,-0.00054177,0.0053159,0.010347,0.015182,0.015987,0.01587,0.01756,0.024152,0.029498,0.04106,0.054655,0.055841,0.056057,0.056191,0.056201,0.056561,0.056232,0.05721,0.060323,0.062069,0.06611,0.070025,0.070877,0.071206,0.072093,0.076806,0.077602,0.079135,0.083514,0.096697,0.098218,0.099632,0.12767,0.13019,0.20377,0.20534,0.20967,0.21555,0.24568,0.28358,0.31317,0.4401,0.62121,1.0507,1.6583,2.123,3.0941,4.103,4.9297,6.6913,9.0946,12.382,15.688,20.631,28.846,45.769,74.745,114.84,163.92,232.95,317.77,397.45,510.87,644.9,772.29,938.49,1081.7,1256.5,1435,1636.8,1846.6,2100.4,2372.1,2567.6,2785.9,3019.1,3255,3517.4,3775.7,4021.5,4247.2,4434.8,4650.2,4882.1,5130.1,5359.2,5569,5768.2,5961.7,6148.1,6358.5,6602.5
-0.0027,0,-0.00055242,0.0054205,0.01055,0.015483,0.016301,0.016183,0.017909,0.024627,0.030082,0.041871,0.055736,0.056946,0.057166,0.057302,0.057313,0.05768,0.057344,0.058341,0.061516,0.063297,0.067418,0.07141,0.072278,0.072614,0.073518,0.078323,0.079135,0.080698,0.085164,0.098607,0.10016,0.1016,0.13019,0.13276,0.2078,0.2094,0.21383,0.21983,0.25058,0.28924,0.31945,0.44902,0.63389,1.0721,1.6924,2.1665,3.1573,4.1866,5.0302,6.8282,9.2803,12.636,16.008,21.051,29.435,46.704,76.276,117.2,167.29,237.75,324.31,405.62,521.37,658.13,788.11,957.7,1103.8,1282.1,1464.2,1670.2,1884.2,2143.1,2420.4,2619.9,2842.6,3080.5,3321.2,3588.8,3852.4,4103.2,4333.4,4524.8,4744.5,4981.2,5234.2,5467.9,5681.9,5885.1,6082.5,6272.7,6487.2,6736.1
-0.0028491,0,-0.00058294,0.0057199,0.011133,0.016342,0.017202,0.017077,0.018902,0.025987,0.031748,0.044188,0.058821,0.060098,0.060331,0.060475,0.060486,0.060873,0.060519,0.061572,0.064923,0.066802,0.07115,0.075363,0.07628,0.076634,0.077588,0.082657,0.083514,0.085164,0.089877,0.10406,0.1057,0.10722,0.1374,0.14012,0.21932,0.22101,0.22568,0.23202,0.2645,0.3053,0.33722,0.47412,0.66942,1.1323,1.7874,2.2881,3.3343,4.4211,5.3121,7.2112,9.8005,13.344,16.905,22.231,31.084,49.324,80.557,123.79,176.7,251.12,342.55,428.43,550.69,695.09,832.35,1011.4,1165.7,1354,1546.3,1763.8,1989.8,2263.2,2556,2766.6,3001.7,3252.9,3507,3789.6,4067.9,4332.7,4575.8,4777.9,5009.8,5259.7,5526.9,5773.6,5999.6,6214,6422.5,6623.2,6849.7,7112.5
-0.0032996,0,-0.00067511,0.0066243,0.012893,0.018916,0.019921,0.019777,0.02188,0.030096,0.036755,0.051163,0.068103,0.069581,0.06985,0.070016,0.070029,0.070478,0.070067,0.071286,0.075165,0.07734,0.082376,0.087255,0.088317,0.088726,0.089831,0.095705,0.096697,0.098607,0.10406,0.12049,0.12239,0.12415,0.15908,0.16222,0.2539,0.25585,0.26125,0.26858,0.3061,0.35332,0.39017,0.54823,0.77378,1.3087,2.0654,2.6444,3.854,5.1109,6.1404,8.3345,11.328,15.423,19.541,25.698,35.931,57.009,93.1,143.04,204.17,290.14,395.77,495.02,636.28,803.24,961.93,1169,1347.3,1565.1,1787.4,2038.8,2300.2,2616.3,2954.8,3198.3,3470.3,3760.8,4054.7,4381.5,4703.2,5009.5,5290.6,5524.4,5792.7,6081.5,6390.5,6676,6937.3,7185.4,7426.6,7658.8,7920.8,8224.9
-0.0033513,0,-0.00068568,0.006728,0.013095,0.019216,0.020233,0.020086,0.022226,0.030567,0.037335,0.051968,0.069175,0.070677,0.07095,0.071119,0.071132,0.071588,0.071171,0.072409,0.076349,0.078559,0.083673,0.088629,0.089707,0.090123,0.091245,0.09721,0.098218,0.10016,0.1057,0.12239,0.12431,0.1261,0.16159,0.16477,0.2579,0.25989,0.26538,0.27282,0.31097,0.35894,0.39641,0.5571,0.7864,1.3301,2.0993,2.6877,3.9169,5.194,6.2405,8.4708,11.513,15.675,19.86,26.117,36.517,57.94,94.624,145.39,207.52,294.91,402.29,503.16,646.75,816.42,977.68,1188.1,1369.3,1590.6,1816.5,2072.1,2337.6,2658.8,3002.9,3250.3,3526.7,3821.8,4120.5,4452.6,4779.5,5090.8,5376.4,5613.9,5886.5,6180.1,6494.1,6784.1,7049.6,7301.7,7546.7,7782.7,8048.9,8357.8
-0.0033992,0,-0.0006955,0.0068243,0.013283,0.019494,0.020523,0.020374,0.022548,0.031005,0.037874,0.052716,0.070173,0.071696,0.071973,0.072145,0.072158,0.07262,0.072198,0.073453,0.077451,0.079693,0.08488,0.089907,0.091,0.091423,0.092561,0.098609,0.099632,0.1016,0.10722,0.12415,0.1261,0.12792,0.16392,0.16715,0.26163,0.26365,0.26922,0.27677,0.3155,0.36417,0.40221,0.56538,0.7982,1.35,2.1311,2.7281,3.9757,5.2717,6.334,8.5981,11.686,15.911,20.157,26.508,37.064,58.81,96.048,147.59,210.66,299.38,408.38,510.78,656.54,828.73,992.4,1206,1389.9,1614.5,1843.8,2103.1,2372.6,2698.6,3047.8,3298.9,3579.3,3878.9,4182,4519,4850.8,5166.6,5456.5,5697.5,5974.1,6272.1,6590.7,6885,7154.5,7410.3,7658.9,7898.2,8168.4,8481.8
-0.0043487,0,-0.00088975,0.0087304,0.016993,0.025029,0.026255,0.026064,0.02895,0.039664,0.048578,0.06755,0.089954,0.091911,0.092268,0.092495,0.092513,0.093102,0.092563,0.094174,0.099306,0.10218,0.10882,0.11524,0.11665,0.11719,0.11865,0.12635,0.12767,0.13019,0.1374,0.15908,0.16159,0.16392,0.2102,0.21435,0.33562,0.33821,0.34546,0.35528,0.40572,0.46839,0.5181,0.73158,1.0356,1.7518,2.7715,3.544,5.1584,6.8339,8.2154,11.164,15.162,20.655,26.148,34.377,48.076,76.341,124.76,191.97,274.08,389.64,531.57,664.65,854.3,1077.3,1289.2,1566.2,1804.3,2095.1,2392.3,2727.7,3076.6,3498.2,3950.4,4275.2,4637.5,5025,5416.8,5852.7,6281.8,6690.3,7064.8,7375.9,7733.1,8119.3,8530.6,8910.4,9258.3,9588.3,9908.5,10217,10565,10969
-0.0044342,0,-0.00090725,0.0089021,0.017327,0.025525,0.026772,0.026577,0.029524,0.040444,0.049538,0.068883,0.091731,0.093726,0.09409,0.094321,0.09434,0.094941,0.094391,0.096034,0.10127,0.1042,0.11097,0.11752,0.11895,0.1195,0.12099,0.12884,0.13019,0.13276,0.14012,0.16222,0.16477,0.16715,0.21435,0.21858,0.34225,0.3449,0.35229,0.36231,0.41378,0.47769,0.52842,0.74629,1.0566,1.7873,2.8277,3.6158,5.2627,6.9718,8.3813,11.39,15.468,21.073,26.677,35.071,49.048,77.885,127.29,195.87,279.65,397.56,542.38,678.16,871.66,1099.1,1315.3,1598,1840.8,2137.4,2440.6,2782.8,3138.7,3568.8,4030,4361.4,4731,5126.2,5526,5970.5,6408.3,6825,7207,7524.3,7888.7,8282.6,8702.3,9089.7,9444.5,9781.1,10108,10422,10777,11189
-0.0069348,0,-0.0014189,0.013922,0.027098,0.039991,0.041869,0.041564,0.046256,0.063252,0.077573,0.10781,0.1436,0.14673,0.1473,0.14767,0.1477,0.14864,0.14778,0.15035,0.15855,0.16315,0.17372,0.18397,0.18621,0.18708,0.18942,0.20166,0.20377,0.2078,0.21932,0.2539,0.2579,0.26163,0.33562,0.34225,0.53599,0.54013,0.55179,0.56759,0.6488,0.74907,0.82924,1.1737,1.664,2.8149,4.4584,5.6978,8.2881,10.975,13.197,17.943,24.361,33.196,42.008,55.221,77.234,122.69,200.58,308.84,441,627.06,855.51,1069.5,1374.7,1732.6,2072.7,2517.8,2899.9,3366.4,3843.7,4381.8,4941.7,5617.9,6343.6,6864.7,7445.6,8067.1,8695.5,9394.5,10083,10738,11338,11837,12409,13029,13689,14297,14855,15383,15896,16389,16946,17593
-0.0069879,0,-0.0014297,0.014029,0.027306,0.040301,0.04219,0.041883,0.046614,0.063737,0.078173,0.10865,0.14471,0.14786,0.14844,0.14881,0.14884,0.14979,0.14892,0.15151,0.15978,0.16441,0.17506,0.18539,0.18765,0.18852,0.19088,0.20322,0.20534,0.2094,0.22101,0.25585,0.25989,0.26365,0.33821,0.3449,0.54013,0.54431,0.55606,0.57199,0.65385,0.75492,0.83574,1.1831,1.6773,2.8374,4.4944,5.7437,8.3546,11.063,13.303,18.087,24.556,33.463,42.345,55.663,77.852,123.67,202.19,311.33,444.56,632.13,862.43,1078.2,1385.8,1746.5,2089.4,2538,2923.2,3393.4,3874.5,4416.9,4981.2,5662.8,6394.3,6919.5,7505,8131.4,8764.9,9469.4,10163,10824,11429,11931,12508,13133,13798,14411,14973,15506,16022,16519,17081,17732
-0.0071308,0,-0.001459,0.014316,0.027864,0.041185,0.043052,0.042739,0.047637,0.06504,0.079854,0.11094,0.14779,0.15101,0.1516,0.15198,0.15202,0.15298,0.1521,0.15475,0.16319,0.16793,0.1788,0.18933,0.19163,0.19253,0.19494,0.2075,0.20967,0.21383,0.22568,0.26125,0.26538,0.26922,0.34546,0.35229,0.55179,0.55606,0.56812,0.58448,0.66862,0.77202,0.85519,1.2128,1.7213,2.912,4.6165,5.8971,8.5738,11.349,13.65,18.567,25.2,34.348,43.452,57.112,79.885,126.94,207.58,319.81,456.71,649.5,886.16,1107.7,1423.8,1793.6,2145.2,2605.6,3000.5,3482.6,3976.1,4532,5110.6,5809.3,6559.3,7097.7,7697.5,8339.6,8988.7,9710.8,10422,11099,11719,12233,12824,13465,14146,14774,15350,15895,16424,16932,17507,18174
-0.0073245,0,-0.0014986,0.014705,0.028621,0.042384,0.044222,0.0439,0.049023,0.066807,0.082134,0.11405,0.15197,0.15529,0.15589,0.15629,0.15633,0.15731,0.15641,0.15913,0.16782,0.17269,0.18386,0.19468,0.19704,0.19797,0.20044,0.21332,0.21555,0.21983,0.23202,0.26858,0.27282,0.27677,0.35528,0.36231,0.56759,0.57199,0.58448,0.60142,0.68865,0.79521,0.88155,1.253,1.7808,3.0129,4.7818,6.1049,8.8705,11.736,14.12,19.216,26.072,35.546,44.951,59.075,82.638,131.36,214.89,331.29,473.16,673.01,918.28,1147.7,1475.1,1857.4,2220.8,2697.1,3105.1,3603.4,4113.7,4688,5285.9,6007.6,6782.8,7339,7958.3,8621.5,9291.9,10038,10772,11471,12111,12642,13252,13915,14618,15266,15860,16422,16967,17491,18084,18772
-0.0083126,0,-0.0017008,0.016688,0.032482,0.04856,0.050187,0.049822,0.056164,0.075819,0.093848,0.12999,0.17339,0.1772,0.1779,0.17839,0.17843,0.17955,0.17852,0.18164,0.19159,0.19717,0.20982,0.22209,0.22479,0.22585,0.22869,0.24311,0.24568,0.25058,0.2645,0.3061,0.31097,0.3155,0.40572,0.41378,0.6488,0.65385,0.66862,0.68865,0.79223,0.91521,1.0185,1.4642,2.0948,3.5452,5.6567,7.2026,10.435,13.776,16.596,22.642,30.67,41.869,52.85,69.413,97.144,154.7,253.47,392.04,560.26,797.59,1088.5,1359.5,1747.3,2194.8,2620.1,3180.3,3657.5,4240.4,4839,5509.5,6209.1,7051.3,7958.8,8608.2,9329.2,10103,10885,11756,12613,13429,14173,14791,15499,16277,17094,17846,18536,19188,19818,20423,21108,21903
-0.009591,0,-0.0019624,0.019255,0.037477,0.056078,0.057906,0.057485,0.064859,0.08748,0.10835,0.15004,0.20016,0.20456,0.20536,0.20593,0.20599,0.20727,0.20609,0.20969,0.22118,0.22762,0.24221,0.25637,0.25948,0.26071,0.26399,0.28061,0.28358,0.28924,0.3053,0.35332,0.35894,0.36417,0.46839,0.47769,0.74907,0.75492,0.77202,0.79521,0.91521,1.0573,1.1771,1.6938,2.4248,4.1038,6.5512,8.3395,12.079,15.944,19.209,26.213,35.502,48.471,61.174,80.34,112.44,179.09,293.48,454.05,648.91,923.85,1260.9,1574.7,2023.9,2541.6,3033.7,3682.1,4234.2,4908.6,5601.4,6377,7186.4,8160.6,9210.7,9961.9,10796,11691,12596,13602,14594,15538,16399,17113,17932,18832,19777,20646,21444,22198,22926,23625,24417,25336
-0.010554,0,-0.0021594,0.021188,0.041241,0.062197,0.063721,0.063257,0.071934,0.096264,0.11991,0.1657,0.22125,0.22613,0.22703,0.22768,0.22776,0.22916,0.22787,0.23185,0.24459,0.25174,0.26777,0.28333,0.28678,0.28814,0.29179,0.30987,0.31317,0.31945,0.33722,0.39017,0.39641,0.40221,0.5181,0.52842,0.82924,0.83574,0.85519,0.88155,1.0185,1.1771,1.3144,1.9088,2.7468,4.6499,7.4538,9.4689,13.684,18.031,21.746,29.734,40.217,54.966,69.272,90.931,127.31,203.05,333.17,516.75,738.86,1052.6,1436.9,1793.6,2305,2889.3,3444.6,4178.9,4801.6,5562.2,6345.4,7218.9,8131.8,9228.5,10414,11260,12197,13205,14222,15355,16472,17534,18502,19303,20222,21240,22300,23274,24169,25014,25827,26607,27492,28518
-0.014671,0,-0.0030017,0.029453,0.057327,0.088537,0.088576,0.087932,0.10239,0.13381,0.16955,0.23286,0.31174,0.31871,0.32001,0.32108,0.32122,0.32312,0.32136,0.327,0.34513,0.35529,0.37749,0.39906,0.40391,0.40588,0.41109,0.43534,0.4401,0.44902,0.47412,0.54823,0.5571,0.56538,0.73158,0.74629,1.1737,1.1831,1.2128,1.253,1.4642,1.6938,1.9088,2.8439,4.1521,7.0332,11.402,14.404,20.688,27.132,32.814,45.109,60.796,83.325,104.61,137.13,192.17,307.69,506.59,791.05,1132.5,1616.2,2207.4,2751.4,3535.6,4409.4,5240,6349.3,7278.9,8415,9592.3,10891,12255,13885,15658,16916,18301,19800,21310,22992,24652,26230,27658,28837,30190,31720,33281,34712,36029,37265,38446,39576,40865,42358
-0.020572,0,-0.004209,0.041299,0.080384,0.12594,0.1242,0.1233,0.14563,0.18763,0.24022,0.32869,0.44073,0.45067,0.45253,0.45417,0.45439,0.45703,0.45458,0.46258,0.48836,0.5028,0.53386,0.56406,0.57091,0.57372,0.58114,0.6144,0.62121,0.63389,0.66942,0.77378,0.7864,0.7982,1.0356,1.0566,1.664,1.6773,1.7213,1.7808,2.0948,2.4248,2.7468,4.1521,6.1101,10.353,16.886,21.267,30.445,39.828,48.242,66.509,89.467,122.8,153.85,201.53,282.58,453.37,747.83,1171.9,1678.8,2398.2,3276.3,4080.6,5243.5,6521.8,7737.1,9369.1,10728,12389,14116,16011,18004,20380,22974,24810,26823,29009,31208,33660,36081,38380,40455,42164,44127,46372,48636,50707,52617,54405,56104,57728,59584,61735
-0.034783,0,-0.0071168,0.069831,0.13592,0.21308,0.21001,0.20848,0.2464,0.31726,0.40637,0.55593,0.74549,0.76231,0.76546,0.76823,0.76862,0.77307,0.76894,0.78246,0.82608,0.85052,0.90302,0.95408,0.96567,0.97043,0.98299,1.0392,1.0507,1.0721,1.1323,1.3087,1.3301,1.35,1.7518,1.7873,2.8149,2.8374,2.912,3.0129,3.5452,4.1038,4.6499,7.0332,10.353,17.543,28.62,36.042,51.588,67.48,81.74,112.71,151.6,208.1,260.68,341.47,478.8,768.26,1267.3,1986.4,2845.6,4065.1,5553.6,6916.7,8887.8,11053,13112,15877,18179,20993,23919,27128,30505,34530,38924,42033,45442,49145,52869,57022,61123,65017,68532,71425,74749,78552,82387,85893,89127,92155,95031,97780,1.0092e+05,1.0456e+05
-0.054599,0,-0.011171,0.10961,0.21335,0.33841,0.32964,0.32724,0.39131,0.498,0.64333,0.87742,1.1781,1.2049,1.2099,1.2146,1.2153,1.2222,1.2157,1.2372,1.3064,1.3452,1.4274,1.5075,1.5258,1.5334,1.5534,1.6399,1.6583,1.6924,1.7874,2.0654,2.0993,2.1311,2.7715,2.8277,4.4584,4.4944,4.6165,4.7818,5.6567,6.5512,7.4538,11.402,16.886,28.62,46.901,58.932,84.142,109.85,133.22,184.09,247.25,339.8,424.97,556.37,780.45,1254.2,2071.9,3256.2,4667,6671.7,9116.4,11348,14581,18097,21440,25949,29683,34249,39011,44210,49691,56208,63344,68380,73889,79885,85912,92636,99276,1.0558e+05,1.1126e+05,1.1592e+05,1.2128e+05,1.2747e+05,1.3366e+05,1.3931e+05,1.4452e+05,1.4939e+05,1.54e+05,1.584e+05,1.6345e+05,1.6929e+05
-0.070093,0,-0.014341,0.14072,0.27389,0.4319,0.42319,0.42011,0.49942,0.63932,0.82237,1.1233,1.5073,1.5415,1.5479,1.5536,1.5545,1.5634,1.5551,1.5825,1.6709,1.7204,1.8261,1.9289,1.9523,1.962,1.9875,2.0996,2.123,2.1665,2.2881,2.6444,2.6877,2.7281,3.544,3.6158,5.6978,5.7437,5.8971,6.1049,7.2026,8.3395,9.4689,14.404,21.267,36.042,58.932,74.131,105.97,138.48,167.85,231.69,311.41,427.73,535.36,701.09,983.25,1578.9,2606.4,4090.9,5861.9,8377,11445,14251,18311,22750,26969,32649,37364,43130,49134,55704,62624,70861,79868,86232,93203,1.0078e+05,1.084e+05,1.169e+05,1.2529e+05,1.3326e+05,1.4045e+05,1.4636e+05,1.5315e+05,1.6095e+05,1.6878e+05,1.7594e+05,1.8255e+05,1.8872e+05,1.9458e+05,2.0018e+05,2.0658e+05,2.14e+05
-0.10246,0,-0.020963,0.20569,0.40035,0.62732,0.61858,0.61408,0.72541,0.9345,1.1965,1.6371,2.1952,2.2448,2.254,2.2622,2.2633,2.2764,2.2642,2.304,2.4325,2.5044,2.6591,2.8095,2.8436,2.8576,2.8946,3.0602,3.0941,3.1573,3.3343,3.854,3.9169,3.9757,5.1584,5.2627,8.2881,8.3546,8.5738,8.8705,10.435,12.079,13.684,20.688,30.445,51.588,84.142,105.97,151.7,198.45,240.38,331.41,445.8,611.92,766.58,1004.2,1408,2259.1,3726.4,5839.9,8365.9,11951,16326,20334,26129,32498,38553,46685,53455,61731,70336,79777,89710,1.0155e+05,1.1447e+05,1.2362e+05,1.3365e+05,1.4454e+05,1.5549e+05,1.6771e+05,1.7977e+05,1.9123e+05,2.0157e+05,2.1008e+05,2.1986e+05,2.3105e+05,2.4233e+05,2.5264e+05,2.6216e+05,2.7107e+05,2.7953e+05,2.8762e+05,2.9687e+05,3.0758e+05
-0.13616,0,-0.027859,0.27336,0.53206,0.82976,0.82209,0.81611,0.95953,1.2419,1.5847,2.171,2.9095,2.975,2.9872,2.9977,2.9991,3.0166,3.0004,3.0531,3.223,3.3182,3.5239,3.7239,3.7691,3.7876,3.8365,4.0583,4.103,4.1866,4.4211,5.1109,5.194,5.2717,6.8339,6.9718,10.975,11.063,11.349,11.736,13.776,15.944,18.031,27.132,39.828,67.48,109.85,138.48,198.45,259.82,314.55,433.28,583.18,800.12,1003,1314.2,1842.4,2954.1,4869.9,7623.3,10918,15592,21300,26535,34097,42445,50381,61020,69895,80744,92013,1.044e+05,1.1742e+05,1.3295e+05,1.4989e+05,1.6189e+05,1.7506e+05,1.8935e+05,2.0373e+05,2.1976e+05,2.3559e+05,2.5062e+05,2.6421e+05,2.7539e+05,2.8825e+05,3.0289e+05,3.1772e+05,3.3129e+05,3.438e+05,3.5552e+05,3.6667e+05,3.7733e+05,3.8952e+05,4.0363e+05
-0.16338,0,-0.033428,0.328,0.63842,0.99844,0.98642,0.97925,1.1546,1.4902,1.9054,2.6083,3.4968,3.5756,3.5903,3.6031,3.6049,3.6259,3.6064,3.6698,3.8742,3.9887,4.2354,4.4754,4.5297,4.552,4.6108,4.8757,4.9297,5.0302,5.3121,6.1404,6.2405,6.334,8.2154,8.3813,13.197,13.303,13.65,14.12,16.596,19.209,21.746,32.814,48.242,81.74,133.22,167.85,240.38,314.55,380.93,525,706.38,969.42,1214.8,1591.4,2231.3,3579,5902.2,9245.6,13244,18916,25841,32188,41361,51461,61063,73949,84685,97809,1.1145e+05,1.2643e+05,1.4218e+05,1.6096e+05,1.8145e+05,1.9596e+05,2.1188e+05,2.2916e+05,2.4654e+05,2.6592e+05,2.8506e+05,3.0323e+05,3.1964e+05,3.3316e+05,3.4868e+05,3.6641e+05,3.8432e+05,4.0071e+05,4.1581e+05,4.2996e+05,4.4341e+05,4.5627e+05,4.7096e+05,4.8799e+05
-0.2212,0,-0.045259,0.44409,0.86436,1.3592,1.3355,1.3258,1.5717,2.0176,2.59,3.5405,4.7493,4.8567,4.8768,4.8947,4.8972,4.9255,4.8992,4.9854,5.2637,5.4195,5.7532,6.0778,6.1517,6.1821,6.2622,6.6178,6.6913,6.8282,7.2112,8.3345,8.4708,8.5981,11.164,11.39,17.943,18.087,18.567,19.216,22.642,26.213,29.734,45.109,66.509,112.71,184.09,231.69,331.41,433.28,525,724.31,973.88,1337.3,1674.4,2193,3075.4,4936.7,8146.5,12778,18308,26158,35738,44504,57185,71080,84290,1.0205e+05,1.1682e+05,1.3487e+05,1.5366e+05,1.7423e+05,1.959e+05,2.2171e+05,2.499e+05,2.6984e+05,2.9168e+05,3.1543e+05,3.393e+05,3.6593e+05,3.9222e+05,4.1719e+05,4.3971e+05,4.5824e+05,4.7953e+05,5.0394e+05,5.2851e+05,5.5096e+05,5.7167e+05,5.9105e+05,6.0944e+05,6.2701e+05,6.4712e+05,6.704e+05
-0.30116,0,-0.061619,0.60461,1.1768,1.8438,1.8183,1.8051,2.1321,2.7469,3.517,4.8121,6.4525,6.598,6.6252,6.6491,6.6525,6.691,6.6552,6.7723,7.1497,7.3612,7.8158,8.2579,8.3583,8.3994,8.5081,8.995,9.0946,9.2803,9.8005,11.328,11.513,11.686,15.162,15.468,24.361,24.556,25.2,26.072,30.67,35.502,40.217,60.796,89.467,151.6,247.25,311.41,445.8,583.18,706.38,973.88,1310,1798.2,2252.7,2950.9,4137.7,6638.6,10950,17161,24583,35117,47975,59753,76780,95499,1.1329e+05,1.3719e+05,1.5708e+05,1.814e+05,2.0669e+05,2.3444e+05,2.6363e+05,2.9842e+05,3.364e+05,3.6327e+05,3.9275e+05,4.2476e+05,4.5695e+05,4.9286e+05,5.283e+05,5.6197e+05,5.9236e+05,6.1738e+05,6.4612e+05,6.7898e+05,7.1214e+05,7.4246e+05,7.7042e+05,7.966e+05,8.2148e+05,8.4525e+05,8.7244e+05,9.0393e+05
-0.40949,0,-0.083783,0.82209,1.6001,2.5142,2.4723,2.4543,2.9073,3.735,4.7919,6.5517,8.7879,8.9865,9.0236,9.0567,9.0613,9.1136,9.0651,9.2245,9.7392,10.028,10.645,11.246,11.383,11.439,11.587,12.246,12.382,12.636,13.344,15.423,15.675,15.911,20.655,21.073,33.196,33.463,34.348,35.546,41.869,48.471,54.966,83.325,122.8,208.1,339.8,427.73,611.92,800.12,969.42,1337.3,1798.2,2469,3091.8,4049.5,5678.6,9114.5,15040,23585,33791,48279,65959,82140,1.0555e+05,1.3121e+05,1.5561e+05,1.8841e+05,2.1568e+05,2.4902e+05,2.8371e+05,3.2173e+05,3.6175e+05,4.0942e+05,4.6149e+05,4.9832e+05,5.3869e+05,5.8254e+05,6.2665e+05,6.7584e+05,7.2441e+05,7.7053e+05,8.1214e+05,8.4639e+05,8.8573e+05,9.3082e+05,9.762e+05,1.0177e+06,1.056e+06,1.0918e+06,1.1258e+06,1.1583e+06,1.1954e+06,1.2385e+06
-0.51977,0,-0.10635,1.0435,2.031,3.1787,3.1381,3.1153,3.6757,4.7408,6.065,8.3008,11.129,11.38,11.427,11.468,11.473,11.54,11.478,11.68,12.331,12.695,13.48,14.243,14.416,14.487,14.675,15.516,15.688,16.008,16.905,19.541,19.86,20.157,26.148,26.677,42.008,42.345,43.452,44.951,52.85,61.174,69.272,104.61,153.85,260.68,424.97,535.36,766.58,1003,1214.8,1674.4,2252.7,3091.8,3873.9,5074.8,7115.4,11414,18825,29495,42250,60350,82445,1.0269e+05,1.3195e+05,1.6416e+05,1.9477e+05,2.3586e+05,2.7009e+05,3.1193e+05,3.5542e+05,4.0316e+05,4.5338e+05,5.1325e+05,5.7859e+05,6.2483e+05,6.7557e+05,7.3064e+05,7.8605e+05,8.4783e+05,9.0882e+05,9.6675e+05,1.0191e+06,1.0621e+06,1.1116e+06,1.1681e+06,1.2252e+06,1.2774e+06,1.3255e+06,1.3706e+06,1.4135e+06,1.4544e+06,1.5013e+06,1.5555e+06
