0,0,0,0,0,0,0,0,0,0,0,0,0,0,0,0,0,0,0,0,0,0,0,0,0,0,0,0,0,0,0,0,0,0,0,0,0,0,0,0,0,0,0,0,0,0,0,0,0,0,0,0,0,0,0,0,0,0,0,0,0,0,0,0,0,0,0,0,0,0,0,0,0,0,0,0,0,0,0,0,0,0,0,0,0,0,0,0,0,0,0,0,0,0
0,0.00023818,0.000216,0,0,0,0,0,0,0,-0.0015997,0,-0.0031325,-0.0002252,-0.0031511,-0.0017834,-0.0031433,-0.0031264,-0.0031434,-0.0031553,-0.0033788,-0.0033957,-0.0036993,-0.0039876,-0.0039985,-0.0039963,-0.0040175,-0.0043036,-0.004472,-0.0032228,-0.0041158,-0.0050677,-0.0051107,-0.0052515,-0.0069959,-0.0070879,-0.010912,-0.010918,-0.010971,-0.01099,-0.010833,-0.012249,-0.011721,-0.0086846,-0.0046965,-0.0090099,0.00029708,-0.0088831,-0.027629,-0.051175,-0.051148,-0.042,-0.082075,-0.085291,-0.15469,-0.22454,-0.29285,-0.33005,-0.34083,0.090695,0.29182,0.74781,1.151,0.97908,1.2169,-1.0698,-3.2365,-4.8173,-7.4416,-10.594,-12.969,-17.236,-21.01,-26.525,-31.117,-35.226,-40.794,-45.79,-51.177,-56.983,-62.524,-67.932,-73.832,-79.181,-85.288,-88.357,-95.287,-102.24,-108.25,-114.62,-121.85,-129.14,-136.71,-145.59
0,0.000216,0.00019589,0,0,0,0,0,0,0,-0.0014507,0,-0.0028408,-0.00020423,-0.0028577,-0.0016174,-0.0028506,-0.0028352,-0.0028507,-0.0028615,-0.0030642,-0.0030794,-0.0033548,-0.0036162,-0.0036261,-0.0036242,-0.0036434,-0.0039028,-0.0040556,-0.0029227,-0.0037325,-0.0045958,-0.0046347,-0.0047624,-0.0063444,-0.0064279,-0.0098961,-0.0099011,-0.0099493,-0.0099664,-0.0098243,-0.011109,-0.010629,-0.0078758,-0.0042591,-0.0081709,0.00026941,-0.0080558,-0.025056,-0.04641,-0.046384,-0.038089,-0.074432,-0.077349,-0.14028,-0.20363,-0.26558,-0.29931,-0.30909,0.082249,0.26464,0.67817,1.0438,0.8879,1.1036,-0.9702,-2.9351,-4.3687,-6.7486,-9.6078,-11.761,-15.631,-19.053,-24.055,-28.219,-31.946,-36.995,-41.526,-46.411,-51.677,-56.701,-61.606,-66.956,-71.807,-77.346,-80.129,-86.414,-92.718,-98.173,-103.94,-110.5,-117.11,-123.97,-132.04
0,0,0,0,0,0,0,0,0,0,0,0,0,0,0,0,0,0,0,0,0,0,0,0,0,0,0,0,0,0,0,0,0,0,0,0,0,0,0,0,0,0,0,0,0,0,0,0,0,0,0,0,0,0,0,0,0,0,0,0,0,0,0,0,0,0,0,0,0,0,0,0,0,0,0,0,0,0,0,0,0,0,0,0,0,0,0,0,0,0,0,0,0,0
0,0,0,0,0,0,0,0,0,0,0,0,0,0,0,0,0,0,0,0,0,0,0,0,0,0,0,0,0,0,0,0,0,0,0,0,0,0,0,0,0,0,0,0,0,0,0,0,0,0,0,0,0,0,0,0,0,0,0,0,0,0,0,0,0,0,0,0,0,0,0,0,0,0,0,0,0,0,0,0,0,0,0,0,0,0,0,0,0,0,0,0,0,0
0,0,0,0,0,0,0,0,0,0,0,0,0,0,0,0,0,0,0,0,0,0,0,0,0,0,0,0,0,0,0,0,0,0,0,0,0,0,0,0,0,0,0,0,0,0,0,0,0,0,0,0,0,0,0,0,0,0,0,0,0,0,0,0,0,0,0,0,0,0,0,0,0,0,0,0,0,0,0,0,0,0,0,0,0,0,0,0,0,0,0,0,0,0
0,0,0,0,0,0,0,0,0,0,0,0,0,0,0,0,0,0,0,0,0,0,0,0,0,0,0,0,0,0,0,0,0,0,0,0,0,0,0,0,0,0,0,0,0,0,0,0,0,0,0,0,0,0,0,0,0,0,0,0,0,0,0,0,0,0,0,0,0,0,0,0,0,0,0,0,0,0,0,0,0,0,0,0,0,0,0,0,0,0,0,0,0,0
0,0,0,0,0,0,0,0,0,0,0,0,0,0,0,0,0,0,0,0,0,0,0,0,0,0,0,0,0,0,0,0,0,0,0,0,0,0,0,0,0,0,0,0,0,0,0,0,0,0,0,0,0,0,0,0,0,0,0,0,0,0,0,0,0,0,0,0,0,0,0,0,0,0,0,0,0,0,0,0,0,0,0,0,0,0,0,0,0,0,0,0,0,0
0,0,0,0,0,0,0,0,0,0,0,0,0,0,0,0,0,0,0,0,0,0,0,0,0,0,0,0,0,0,0,0,0,0,0,0,0,0,0,0,0,0,0,0,0,0,0,0,0,0,0,0,0,0,0,0,0,0,0,0,0,0,0,0,0,0,0,0,0,0,0,0,0,0,0,0,0,0,0,0,0,0,0,0,0,0,0,0,0,0,0,0,0,0
0,0,0,0,0,0,0,0,0,0,0,0,0,0,0,0,0,0,0,0,0,0,0,0,0,0,0,0,0,0,0,0,0,0,0,0,0,0,0,0,0,0,0,0,0,0,0,0,0,0,0,0,0,0,0,0,0,0,0,0,0,0,0,0,0,0,0,0,0,0,0,0,0,0,0,0,0,0,0,0,0,0,0,0,0,0,0,0,0,0,0,0,0,0
0,-0.0015997,-0.0014507,0,0,0,0,0,0,0,0.010743,0,0.021038,0.0015125,0.021163,0.011978,0.021111,0.020997,0.021112,0.021191,0.022693,0.022806,0.024844,0.026781,0.026854,0.02684,0.026982,0.028903,0.030034,0.021645,0.027642,0.034035,0.034324,0.035269,0.046985,0.047603,0.073288,0.073325,0.073682,0.073809,0.072756,0.082267,0.078718,0.058326,0.031542,0.060511,-0.0019952,0.059659,0.18556,0.3437,0.34351,0.28208,0.55122,0.57282,1.0389,1.508,1.9668,2.2166,2.289,-0.60911,-1.9599,-5.0223,-7.7303,-6.5756,-8.1729,7.1851,21.737,32.353,49.978,71.153,87.102,115.76,141.1,178.15,208.99,236.58,273.97,307.53,343.71,382.7,419.91,456.24,495.86,531.79,572.8,593.42,639.96,686.65,727.04,769.77,818.34,867.3,918.12,977.83
0,0,0,0,0,0,0,0,0,0,0,0,0,0,0,0,0,0,0,0,0,0,0,0,0,0,0,0,0,0,0,0,0,0,0,0,0,0,0,0,0,0,0,0,0,0,0,0,0,0,0,0,0,0,0,0,0,0,0,0,0,0,0,0,0,0,0,0,0,0,0,0,0,0,0,0,0,0,0,0,0,0,0,0,0,0,0,0,0,0,0,0,0,0
0,-0.0031325,-0.0028408,0,0,0,0,0,0,0,0.021038,0,0.041197,0.0029617,0.041442,0.023455,0.04134,0.041117,0.041341,0.041497,0.044437,0.044658,0.048651,0.052442,0.052586,0.052558,0.052836,0.056598,0.058814,0.042385,0.054129,0.066648,0.067213,0.069065,0.092006,0.093217,0.14351,0.14359,0.14428,0.14453,0.14247,0.1611,0.15415,0.11421,0.061765,0.11849,-0.003907,0.11683,0.36337,0.67303,0.67267,0.55237,1.0794,1.1217,2.0343,2.953,3.8514,4.3406,4.4824,-1.1928,-3.8379,-9.8348,-15.138,-12.876,-16.004,14.07,42.565,63.354,97.868,139.33,170.56,226.68,276.31,348.85,409.24,463.28,536.5,602.2,673.05,749.42,822.28,893.4,971,1041.3,1121.7,1162,1253.2,1344.6,1423.7,1507.4,1602.5,1698.4,1797.9,1914.8
0,-0.0002252,-0.00020423,0,0,0,0,0,0,0,0.0015125,0,0.0029617,0.00021293,0.0029794,0.0016862,0.002972,0.002956,0.0029721,0.0029833,0.0031947,0.0032106,0.0034976,0.0037702,0.0037805,0.0037785,0.0037985,0.004069,0.0042283,0.0030471,0.0038915,0.0047915,0.0048321,0.0049652,0.0066146,0.0067016,0.010318,0.010323,0.010373,0.010391,0.010243,0.011582,0.011082,0.0082112,0.0044405,0.0085188,-0.00028088,0.0083989,0.026123,0.048386,0.04836,0.039711,0.077601,0.080643,0.14625,0.2123,0.27689,0.31206,0.32225,-0.085752,-0.27591,-0.70705,-1.0883,-0.92571,-1.1506,1.0115,3.0601,4.5547,7.036,10.017,12.262,16.297,19.864,25.079,29.421,33.306,38.57,43.294,48.388,53.877,59.116,64.229,69.808,74.865,80.639,83.541,90.093,96.667,102.35,108.37,115.21,122.1,129.25,137.66
0,-0.0031511,-0.0028577,0,0,0,0,0,0,0,0.021163,0,0.041442,0.0029794,0.041689,0.023595,0.041586,0.041362,0.041587,0.041744,0.044702,0.044924,0.048941,0.052755,0.052899,0.052871,0.053151,0.056936,0.059164,0.042637,0.054451,0.067045,0.067613,0.069476,0.092555,0.093772,0.14437,0.14444,0.14514,0.14539,0.14332,0.16206,0.15507,0.1149,0.062133,0.1192,-0.0039303,0.11752,0.36553,0.67704,0.67667,0.55566,1.0858,1.1284,2.0465,2.9706,3.8744,4.3665,4.5091,-1.1999,-3.8607,-9.8934,-15.228,-12.953,-16.1,14.154,42.818,63.732,98.451,140.16,171.58,228.03,277.95,350.92,411.68,466.04,539.69,605.79,677.06,753.88,827.18,898.73,976.79,1047.6,1128.3,1169,1260.6,1352.6,1432.2,1516.4,1612,1708.5,1808.6,1926.2
0,-0.0017834,-0.0016174,0,0,0,0,0,0,0,0.011978,0,0.023455,0.0016862,0.023595,0.013354,0.023536,0.023409,0.023537,0.023626,0.0253,0.025426,0.027699,0.029858,0.029939,0.029923,0.030082,0.032224,0.033485,0.024131,0.030818,0.037945,0.038267,0.039321,0.052383,0.053072,0.081708,0.081749,0.082147,0.082289,0.081115,0.091718,0.087762,0.065027,0.035166,0.067463,-0.0022244,0.066514,0.20688,0.38318,0.38298,0.31449,0.61455,0.63864,1.1582,1.6813,2.1928,2.4713,2.552,-0.6791,-2.1851,-5.5993,-8.6184,-7.331,-9.1119,8.0105,24.234,36.07,55.72,79.328,97.109,129.06,157.31,198.61,233,263.76,305.45,342.86,383.2,426.67,468.16,508.65,552.83,592.88,638.61,661.59,713.48,765.54,810.57,858.21,912.36,966.94,1023.6,1090.2
0,-0.0031433,-0.0028506,0,0,0,0,0,0,0,0.021111,0,0.04134,0.002972,0.041586,0.023536,0.041483,0.041259,0.041484,0.041641,0.044591,0.044813,0.048819,0.052624,0.052768,0.05274,0.053019,0.056795,0.059018,0.042532,0.054317,0.066879,0.067446,0.069305,0.092326,0.09354,0.14401,0.14408,0.14478,0.14503,0.14297,0.16165,0.15468,0.11461,0.06198,0.1189,-0.0039205,0.11723,0.36463,0.67537,0.675,0.55429,1.0832,1.1256,2.0414,2.9633,3.8648,4.3557,4.498,-1.1969,-3.8512,-9.8689,-15.19,-12.921,-16.06,14.119,42.712,63.574,98.208,139.82,171.16,227.47,277.27,350.06,410.66,464.89,538.36,604.29,675.39,752.02,825.13,896.5,974.37,1045,1125.6,1166.1,1257.5,1349.3,1428.6,1512.6,1608,1704.2,1804.1,1921.4
0,-0.0031264,-0.0028352,0,0,0,0,0,0,0,0.020997,0,0.041117,0.002956,0.041362,0.023409,0.041259,0.041037,0.041261,0.041416,0.044351,0.044571,0.048556,0.052341,0.052484,0.052456,0.052733,0.056489,0.058699,0.042302,0.054024,0.066519,0.067082,0.068931,0.091828,0.093036,0.14323,0.14331,0.144,0.14425,0.14219,0.16078,0.15385,0.11399,0.061645,0.11826,-0.0038994,0.1166,0.36266,0.67173,0.67136,0.5513,1.0773,1.1195,2.0304,2.9473,3.8439,4.3322,4.4737,-1.1905,-3.8304,-9.8157,-15.108,-12.851,-15.973,14.043,42.482,63.231,97.678,139.06,170.23,226.24,275.77,348.17,408.44,462.38,535.45,601.03,671.75,747.96,820.68,891.67,969.12,1039.3,1119.5,1159.8,1250.7,1342,1420.9,1504.5,1599.4,1695.1,1794.4,1911.1
0,-0.0031434,-0.0028507,0,0,0,0,0,0,0,0.021112,0,0.041341,0.0029721,0.041587,0.023537,0.041484,0.041261,0.041485,0.041642,0.044592,0.044814,0.048821,0.052626,0.05277,0.052742,0.053021,0.056797,0.059019,0.042533,0.054318,0.066881,0.067448,0.069307,0.092328,0.093543,0.14402,0.14409,0.14479,0.14504,0.14297,0.16166,0.15469,0.11461,0.061981,0.11891,-0.0039207,0.11723,0.36464,0.67539,0.67502,0.5543,1.0832,1.1256,2.0415,2.9634,3.8649,4.3558,4.4981,-1.1969,-3.8513,-9.8692,-15.191,-12.921,-16.06,14.119,42.714,63.576,98.211,139.82,171.16,227.47,277.27,350.07,410.67,464.9,538.37,604.31,675.41,752.04,825.15,896.53,974.4,1045,1125.6,1166.1,1257.6,1349.3,1428.7,1512.7,1608.1,1704.3,1804.2,1921.5
0,-0.0031553,-0.0028615,0,0,0,0,0,0,0,0.021191,0,0.041497,0.0029833,0.041744,0.023626,0.041641,0.041416,0.041642,0.041799,0.044761,0.044984,0.049005,0.052825,0.052969,0.052941,0.053221,0.057011,0.059242,0.042693,0.054523,0.067134,0.067703,0.069568,0.092677,0.093896,0.14456,0.14463,0.14534,0.14559,0.14351,0.16227,0.15527,0.11505,0.062216,0.11936,-0.0039355,0.11768,0.36602,0.67794,0.67757,0.55639,1.0873,1.1299,2.0492,2.9745,3.8795,4.3722,4.5151,-1.2015,-3.8658,-9.9065,-15.248,-12.97,-16.121,14.172,42.875,63.816,98.581,140.35,171.81,228.33,278.32,351.39,412.22,466.66,540.41,606.59,677.96,754.88,828.27,899.92,978.08,1048.9,1129.8,1170.5,1262.3,1354.4,1434.1,1518.4,1614.2,1710.7,1811,1928.7
0,-0.0033788,-0.0030642,0,0,0,0,0,0,0,0.022693,0,0.044437,0.0031947,0.044702,0.0253,0.044591,0.044351,0.044592,0.044761,0.047932,0.048171,0.052477,0.056567,0.056722,0.056692,0.056992,0.06105,0.063439,0.045718,0.058386,0.07189,0.072499,0.074497,0.099243,0.10055,0.1548,0.15488,0.15563,0.1559,0.15368,0.17377,0.16627,0.1232,0.066623,0.12781,-0.0042143,0.12601,0.39195,0.72597,0.72557,0.59581,1.1643,1.2099,2.1944,3.1853,4.1543,4.682,4.835,-1.2866,-4.1397,-10.608,-16.328,-13.889,-17.263,15.176,45.913,68.337,105.57,150.29,183.98,244.51,298.04,376.28,441.42,499.72,578.69,649.57,725.99,808.36,886.95,963.67,1047.4,1123.3,1209.9,1253.4,1351.7,1450.4,1535.7,1625.9,1728.5,1831.9,1939.3,2065.4
0,-0.0033957,-0.0030794,0,0,0,0,0,0,0,0.022806,0,0.044658,0.0032106,0.044924,0.025426,0.044813,0.044571,0.044814,0.044984,0.048171,0.04841,0.052738,0.056849,0.057004,0.056974,0.057275,0.061354,0.063755,0.045946,0.058677,0.072248,0.07286,0.074868,0.099737,0.10105,0.15557,0.15565,0.15641,0.15668,0.15444,0.17463,0.1671,0.12381,0.066955,0.12845,-0.0042353,0.12664,0.3939,0.72958,0.72918,0.59878,1.1701,1.216,2.2053,3.2011,4.175,4.7053,4.859,-1.293,-4.1603,-10.661,-16.409,-13.958,-17.349,15.252,46.141,68.678,106.09,151.04,184.89,245.72,299.52,378.16,443.62,502.21,581.57,652.8,729.6,812.38,891.37,968.47,1052.6,1128.8,1215.9,1259.7,1358.5,1457.6,1543.3,1634,1737.1,1841.1,1948.9,2075.7
0,-0.0036993,-0.0033548,0,0,0,0,0,0,0,0.024844,0,0.048651,0.0034976,0.048941,0.027699,0.048819,0.048556,0.048821,0.049005,0.052477,0.052738,0.057453,0.061931,0.0621,0.062068,0.062396,0.066839,0.069455,0.050053,0.063923,0.078707,0.079374,0.081561,0.10865,0.11008,0.16948,0.16957,0.17039,0.17068,0.16825,0.19024,0.18204,0.13488,0.072941,0.13993,-0.0046139,0.13796,0.42911,0.79481,0.79438,0.65231,1.2747,1.3247,2.4024,3.4873,4.5483,5.126,5.2934,-1.4086,-4.5323,-11.614,-17.877,-15.206,-18.9,16.616,50.266,74.817,115.58,164.54,201.42,267.69,326.3,411.96,483.28,547.11,633.57,711.16,794.83,885.01,971.06,1055.1,1146.7,1229.8,1324.6,1372.3,1479.9,1587.9,1681.3,1780.1,1892.4,2005.6,2123.2,2261.2
0,-0.0039876,-0.0036162,0,0,0,0,0,0,0,0.026781,0,0.052442,0.0037702,0.052755,0.029858,0.052624,0.052341,0.052626,0.052825,0.056567,0.056849,0.061931,0.066758,0.06694,0.066905,0.067259,0.072048,0.074868,0.053955,0.068905,0.084841,0.08556,0.087918,0.11712,0.11866,0.18269,0.18278,0.18367,0.18399,0.18136,0.20507,0.19623,0.14539,0.078626,0.15084,-0.0049735,0.14872,0.46256,0.85675,0.85629,0.70315,1.3741,1.4279,2.5897,3.7591,4.9027,5.5255,5.706,-1.5184,-4.8855,-12.519,-19.27,-16.391,-20.373,17.911,54.184,80.649,124.58,177.37,217.12,288.56,351.73,444.07,520.95,589.74,682.95,766.59,856.78,953.99,1046.7,1137.3,1236.1,1325.6,1427.9,1479.2,1595.3,1711.6,1812.3,1918.9,2039.9,2162,2288.7,2437.5
0,-0.0039985,-0.0036261,0,0,0,0,0,0,0,0.026854,0,0.052586,0.0037805,0.052899,0.029939,0.052768,0.052484,0.05277,0.052969,0.056722,0.057004,0.0621,0.06694,0.067123,0.067088,0.067443,0.072245,0.075073,0.054102,0.069093,0.085073,0.085794,0.088158,0.11744,0.11899,0.18319,0.18328,0.18417,0.18449,0.18186,0.20563,0.19676,0.14579,0.078841,0.15125,-0.0049871,0.14912,0.46382,0.8591,0.85863,0.70507,1.3778,1.4318,2.5968,3.7694,4.9161,5.5406,5.7216,-1.5225,-4.8989,-12.554,-19.322,-16.436,-20.429,17.96,54.332,80.869,124.92,177.85,217.72,289.35,352.69,445.29,522.37,591.36,684.81,768.68,859.12,956.6,1049.6,1140.4,1239.4,1329.2,1431.8,1483.3,1599.6,1716.3,1817.3,1924.1,2045.5,2167.9,2294.9,2444.1
0,-0.0039963,-0.0036242,0,0,0,0,0,0,0,0.02684,0,0.052558,0.0037785,0.052871,0.029923,0.05274,0.052456,0.052742,0.052941,0.056692,0.056974,0.062068,0.066905,0.067088,0.067052,0.067407,0.072207,0.075033,0.054073,0.069056,0.085028,0.085749,0.088112,0.11738,0.11892,0.18309,0.18318,0.18407,0.18439,0.18176,0.20552,0.19666,0.14571,0.078799,0.15117,-0.0049845,0.14904,0.46358,0.85864,0.85817,0.7047,1.3771,1.4311,2.5954,3.7674,4.9135,5.5376,5.7186,-1.5217,-4.8963,-12.547,-19.312,-16.427,-20.418,17.95,54.303,80.826,124.86,177.76,217.6,289.19,352.51,445.05,522.1,591.04,684.45,768.28,858.67,956.09,1049,1139.8,1238.8,1328.5,1431,1482.5,1598.8,1715.4,1816.3,1923.1,2044.4,2166.7,2293.7,2442.9
0,-0.0040175,-0.0036434,0,0,0,0,0,0,0,0.026982,0,0.052836,0.0037985,0.053151,0.030082,0.053019,0.052733,0.053021,0.053221,0.056992,0.057275,0.062396,0.067259,0.067443,0.067407,0.067764,0.072589,0.07543,0.05436,0.069422,0.085478,0.086202,0.088578,0.118,0.11955,0.18406,0.18415,0.18505,0.18537,0.18272,0.20661,0.1977,0.14648,0.079216,0.15197,-0.0050108,0.14983,0.46603,0.86318,0.86271,0.70843,1.3844,1.4386,2.6091,3.7873,4.9395,5.5669,5.7488,-1.5298,-4.9222,-12.613,-19.414,-16.514,-20.526,18.045,54.591,81.254,125.52,178.7,218.75,290.72,354.37,447.41,524.86,594.17,688.07,772.34,863.21,961.15,1054.6,1145.8,1245.3,1335.6,1438.6,1490.3,1607.2,1724.5,1825.9,1933.3,2055.2,2178.2,2305.8,2455.8
0,-0.0043036,-0.0039028,0,0,0,0,0,0,0,0.028903,0,0.056598,0.004069,0.056936,0.032224,0.056795,0.056489,0.056797,0.057011,0.06105,0.061354,0.066839,0.072048,0.072245,0.072207,0.072589,0.077758,0.080802,0.058231,0.074365,0.091565,0.092341,0.094886,0.1264,0.12807,0.19717,0.19727,0.19823,0.19857,0.19574,0.22132,0.21178,0.15692,0.084857,0.16279,-0.0053677,0.1605,0.49922,0.92465,0.92415,0.75888,1.483,1.5411,2.7949,4.057,5.2913,5.9634,6.1582,-1.6387,-5.2727,-13.512,-20.797,-17.69,-21.988,19.33,58.478,87.04,134.46,191.42,234.33,311.42,379.61,479.27,562.23,636.48,737.07,827.34,924.68,1029.6,1129.7,1227.4,1334,1430.7,1541,1596.5,1721.7,1847.3,1956,2070.9,2201.6,2333.3,2470,2630.7
0,-0.004472,-0.0040556,0,0,0,0,0,0,0,0.030034,0,0.058814,0.0042283,0.059164,0.033485,0.059018,0.058699,0.059019,0.059242,0.063439,0.063755,0.069455,0.074868,0.075073,0.075033,0.07543,0.080802,0.083964,0.060509,0.077276,0.095149,0.095955,0.098599,0.13135,0.13308,0.20488,0.20499,0.20598,0.20634,0.2034,0.22998,0.22006,0.16306,0.088178,0.16916,-0.0055777,0.16678,0.51875,0.96084,0.96032,0.78858,1.541,1.6014,2.9043,4.2158,5.4984,6.1967,6.3992,-1.7028,-5.479,-14.04,-21.611,-18.383,-22.848,20.087,60.767,90.446,139.72,198.91,243.5,323.61,394.46,498.02,584.24,661.39,765.92,859.72,960.87,1069.9,1173.9,1275.4,1386.2,1486.7,1601.3,1658.9,1789.1,1919.6,2032.5,2152,2287.7,2424.6,2566.7,2733.6
0,-0.0032228,-0.0029227,0,0,0,0,0,0,0,0.021645,0,0.042385,0.0030471,0.042637,0.024131,0.042532,0.042302,0.042533,0.042693,0.045718,0.045946,0.050053,0.053955,0.054102,0.054073,0.05436,0.058231,0.060509,0.043607,0.05569,0.06857,0.069151,0.071056,0.09466,0.095905,0.14765,0.14773,0.14844,0.1487,0.14658,0.16574,0.15859,0.11751,0.063546,0.12191,-0.0040196,0.12019,0.37384,0.69244,0.69206,0.5683,1.1105,1.1541,2.093,3.0382,3.9625,4.4657,4.6117,-1.2272,-3.9485,-10.118,-15.574,-13.248,-16.466,14.476,43.792,65.181,100.69,143.35,175.48,233.21,284.27,358.9,421.04,476.64,551.97,619.57,692.46,771.03,845.99,919.17,999,1071.4,1154,1195.5,1289.3,1383.4,1464.8,1550.8,1648.7,1747.3,1849.7,1970
0,-0.0041158,-0.0037325,0,0,0,0,0,0,0,0.027642,0,0.054129,0.0038915,0.054451,0.030818,0.054317,0.054024,0.054318,0.054523,0.058386,0.058677,0.063923,0.068905,0.069093,0.069056,0.069422,0.074365,0.077276,0.05569,0.07112,0.08757,0.088312,0.090745,0.12089,0.12248,0.18856,0.18866,0.18958,0.1899,0.18719,0.21166,0.20254,0.15007,0.081154,0.15569,-0.0051334,0.1535,0.47743,0.8843,0.88382,0.72576,1.4182,1.4738,2.673,3.88,5.0604,5.7032,5.8895,-1.5672,-5.0426,-12.922,-19.889,-16.918,-21.028,18.487,55.926,83.242,128.59,183.07,224.11,297.84,363.04,458.35,537.7,608.71,704.91,791.24,884.33,984.67,1080.4,1173.9,1275.8,1368.2,1473.8,1526.8,1646.6,1766.7,1870.6,1980.6,2105.5,2231.5,2362.3,2515.9
0,-0.0050677,-0.0045958,0,0,0,0,0,0,0,0.034035,0,0.066648,0.0047915,0.067045,0.037945,0.066879,0.066519,0.066881,0.067134,0.07189,0.072248,0.078707,0.084841,0.085073,0.085028,0.085478,0.091565,0.095149,0.06857,0.08757,0.10877,0.10874,0.11173,0.15278,0.1548,0.23906,0.23921,0.241,0.2423,0.24382,0.27644,0.27078,0.2317,0.18045,0.329,0.24172,0.48641,0.98971,1.5904,1.7133,1.8011,2.9262,3.4783,5.2986,7.3722,9.9044,13.14,17.669,15.395,18.868,20.441,25.38,40.552,52.915,116.65,177.09,232.12,303.66,390.05,462.09,573.82,677.3,820.65,949.03,1056.8,1195.8,1326.2,1464.4,1614.6,1759.1,1899.2,2045.7,2175.9,2324.9,2418.1,2587.7,2754.8,2901.1,3052.5,3219.7,3386.9,3563,3769.4
0,-0.0051107,-0.0046347,0,0,0,0,0,0,0,0.034324,0,0.067213,0.0048321,0.067613,0.038267,0.067446,0.067082,0.067448,0.067703,0.072499,0.07286,0.079374,0.08556,0.085794,0.085749,0.086202,0.092341,0.095955,0.069151,0.088312,0.10874,0.10966,0.11268,0.15011,0.15208,0.23414,0.23426,0.2354,0.23581,0.23244,0.26283,0.25149,0.18634,0.10077,0.19332,-0.0063743,0.1906,0.59284,1.0981,1.0975,0.90119,1.7611,1.8301,3.3191,4.8179,6.2836,7.0817,7.3131,-1.946,-6.2615,-16.046,-24.697,-21.008,-26.111,22.955,69.445,103.36,159.67,227.32,278.28,369.83,450.8,569.14,667.67,755.85,875.3,982.5,1098.1,1222.7,1341.6,1457.6,1584.2,1699,1830,1895.9,2044.6,2193.7,2322.8,2459.3,2614.5,2770.9,2933.3,3124
0,-0.0052515,-0.0047624,0,0,0,0,0,0,0,0.035269,0,0.069065,0.0049652,0.069476,0.039321,0.069305,0.068931,0.069307,0.069568,0.074497,0.074868,0.081561,0.087918,0.088158,0.088112,0.088578,0.094886,0.098599,0.071056,0.090745,0.11173,0.11268,0.11578,0.15425,0.15627,0.2406,0.24072,0.24189,0.2423,0.23885,0.27007,0.25842,0.19148,0.10355,0.19865,-0.0065499,0.19585,0.60917,1.1283,1.1277,0.92603,1.8096,1.8805,3.4105,4.9506,6.4567,7.2769,7.5146,-1.9996,-6.4341,-16.488,-25.378,-21.587,-26.831,23.588,71.358,106.21,164.07,233.59,285.94,380.02,463.22,584.83,686.07,776.67,899.42,1009.6,1128.4,1256.4,1378.5,1497.8,1627.9,1745.8,1880.4,1948.1,2100.9,2254.2,2386.8,2527.1,2686.5,2847.2,3014.1,3210.1
0,-0.0069959,-0.0063444,0,0,0,0,0,0,0,0.046985,0,0.092006,0.0066146,0.092555,0.052383,0.092326,0.091828,0.092328,0.092677,0.099243,0.099737,0.10865,0.11712,0.11744,0.11738,0.118,0.1264,0.13135,0.09466,0.12089,0.15278,0.15011,0.15425,0.22172,0.22469,0.34893,0.34927,0.35354,0.35781,0.37326,0.42514,0.43269,0.44892,0.4706,0.83184,1.016,1.4896,2.4716,3.5753,4.0843,4.9825,7.285,9.3775,12.836,17.314,23.777,34.966,53.045,68.904,95.024,128.21,172.21,224.82,289.81,419.27,542.17,676.97,818.96,991.3,1149.9,1361.8,1568.4,1837.8,2099.5,2304.1,2552.7,2798.8,3054.5,3335.1,3607.7,3870,4129.9,4355.1,4612.9,4818.6,5113.4,5397,5649.4,5902.5,6169.9,6434.1,6718.7,7051.1
0,-0.0070879,-0.0064279,0,0,0,0,0,0,0,0.047603,0,0.093217,0.0067016,0.093772,0.053072,0.09354,0.093036,0.093543,0.093896,0.10055,0.10105,0.11008,0.11866,0.11899,0.11892,0.11955,0.12807,0.13308,0.095905,0.12248,0.1548,0.15208,0.15627,0.22469,0.2277,0.35362,0.35396,0.35829,0.36263,0.37835,0.43095,0.43866,0.45545,0.47786,0.84461,1.0326,1.5131,2.5095,3.629,4.1464,5.0601,7.3965,9.523,13.032,17.577,24.139,35.508,53.881,70.041,96.608,130.38,175.14,228.6,294.67,426.04,550.74,687.6,831.67,1006.5,1167.5,1382.5,1592.1,1865.4,2130.9,2338.5,2590.7,2840.3,3099.7,3384.3,3660.9,3926.9,4190.6,4418.9,4680.4,4889.2,5188.1,5475.7,5731.7,5988.3,6259.4,6527.2,6815.8,7152.8
0,-0.010912,-0.0098961,0,0,0,0,0,0,0,0.073288,0,0.14351,0.010318,0.14437,0.081708,0.14401,0.14323,0.14402,0.14456,0.1548,0.15557,0.16948,0.18269,0.18319,0.18309,0.18406,0.19717,0.20488,0.14765,0.18856,0.23906,0.23414,0.2406,0.34893,0.35362,0.54968,0.55023,0.55741,0.56478,0.59269,0.67558,0.69173,0.73711,0.79734,1.4054,1.7797,2.5572,4.1711,5.9711,6.8621,8.485,12.291,15.935,21.6,29.047,39.976,59.349,90.928,121.09,167.93,228.55,307.81,398.92,514,727.78,930.74,1157.8,1391.7,1675.6,1940,2286.9,2627.5,3068.1,3500.3,3835.5,4239.5,4642.2,5059.6,5518.2,5964.4,6393.1,6815.1,7179.2,7596.3,7939.2,8416.3,8873.7,9282,9689.2,10117,10538,10994,11526
0,-0.010918,-0.0099011,0,0,0,0,0,0,0,0.073325,0,0.14359,0.010323,0.14444,0.081749,0.14408,0.14331,0.14409,0.14463,0.15488,0.15565,0.16957,0.18278,0.18328,0.18318,0.18415,0.19727,0.20499,0.14773,0.18866,0.23921,0.23426,0.24072,0.34927,0.35396,0.55023,0.55079,0.55799,0.56541,0.59353,0.67655,0.69294,0.73937,0.80096,1.4116,1.7905,2.5704,4.1893,5.9942,6.8906,8.5256,12.344,16.009,21.691,29.165,40.143,59.624,91.391,121.85,169.02,230.12,309.96,401.58,517.41,731.91,935.55,1163.6,1398.2,1683.1,1948.4,2296.3,2638,3079.9,3513.6,3849.8,4254.8,4658.6,5077.2,5537.1,5984.5,6414.5,6837.5,7202.5,7620.6,7964.7,8443,8901.4,9310.6,9718.7,10147,10569,11026,11559
0,-0.010971,-0.0099493,0,0,0,0,0,0,0,0.073682,0,0.14428,0.010373,0.14514,0.082147,0.14478,0.144,0.14479,0.14534,0.15563,0.15641,0.17039,0.18367,0.18417,0.18407,0.18505,0.19823,0.20598,0.14844,0.18958,0.241,0.2354,0.24189,0.35354,0.35829,0.55741,0.55799,0.56566,0.5737,0.60513,0.69019,0.7103,0.77364,0.8575,1.5083,1.9614,2.7773,4.4724,6.3512,7.3327,9.1604,13.175,17.175,23.109,31.003,42.74,63.913,98.645,133.77,186.24,255,344.07,443.67,571.45,796.85,1010.9,1254,1500,1798.9,2079.6,2442.9,2801.4,3262.5,3718.3,4069.4,4489.8,4911.4,5347.4,5826.9,6294,6742.4,7181.1,7558.7,7991.2,8355.3,8850.4,9323.6,9746.7,10167,10606,11039,11507,12054
0,-0.01099,-0.0099664,0,0,0,0,0,0,0,0.073809,0,0.14453,0.010391,0.14539,0.082289,0.14503,0.14425,0.14504,0.14559,0.1559,0.15668,0.17068,0.18399,0.18449,0.18439,0.18537,0.19857,0.20634,0.1487,0.1899,0.2423,0.23581,0.2423,0.35781,0.36263,0.56478,0.56541,0.5737,0.58259,0.61859,0.70612,0.73148,0.8187,0.93402,1.6388,2.1959,3.0593,4.8546,6.8297,7.9278,10.022,14.298,18.755,25.02,33.475,46.237,69.725,108.52,150.14,209.93,289.32,391.14,501.64,645.87,885.72,1113.5,1377,1638,1955.4,2256.7,2640.1,3020.9,3506.9,3992.1,4362.8,4803.1,5247.8,5706.6,6211.8,6704.4,7177,7636,8029.5,8480.5,8871.3,9387.8,9879.7,10321,10757,11209,11654,12137,12701
0,-0.010833,-0.0098243,0,0,0,0,0,0,0,0.072756,0,0.14247,0.010243,0.14332,0.081115,0.14297,0.14219,0.14297,0.14351,0.15368,0.15444,0.16825,0.18136,0.18186,0.18176,0.18272,0.19574,0.2034,0.14658,0.18719,0.24382,0.23244,0.23885,0.37326,0.37835,0.59269,0.59353,0.60513,0.61859,0.67947,0.77877,0.83295,1.0523,1.3417,2.3333,3.4615,4.5706,6.8864,9.3548,11.083,14.623,20.263,27.185,35.159,46.564,64.785,100.71,161.44,238.58,338.04,475.25,646.29,815.41,1048.7,1363.9,1663.4,2035,2374.5,2788.3,3197.7,3685.2,4181.8,4796.9,5435.5,5907.2,6448.9,7012.9,7588.5,8225.8,8850.5,9447.2,10009,10483,11027,11559,12183,12769,13299,13813,14328,14830,15385,16032
0,-0.012249,-0.011109,0,0,0,0,0,0,0,0.082267,0,0.1611,0.011582,0.16206,0.091718,0.16165,0.16078,0.16166,0.16227,0.17377,0.17463,0.19024,0.20507,0.20563,0.20552,0.20661,0.22132,0.22998,0.16574,0.21166,0.27644,0.26283,0.27007,0.42514,0.43095,0.67558,0.67655,0.69019,0.70612,0.77877,0.89301,0.95867,1.2268,1.5804,2.7463,4.109,5.402,8.1026,10.972,13.023,17.249,23.839,32.047,41.333,54.691,76.142,118.69,190.74,283.39,401.95,565.96,769.99,970.27,1247.7,1616.1,1966,2403,2799.2,3282.2,3762.1,4329.8,4909.5,5625.5,6371.7,6921,7549.8,8206.4,8875.8,9617.4,10345,11039,11691,12240,12870,13493,14217,14893,15508,16101,16695,17271,17911,18656
0,-0.011721,-0.010629,0,0,0,0,0,0,0,0.078718,0,0.15415,0.011082,0.15507,0.087762,0.15468,0.15385,0.15469,0.15527,0.16627,0.1671,0.18204,0.19623,0.19676,0.19666,0.1977,0.21178,0.22006,0.15859,0.20254,0.27078,0.25149,0.25842,0.43269,0.43866,0.69173,0.69294,0.7103,0.73148,0.83295,0.95867,1.0582,1.4828,2.0424,3.5318,5.5649,7.1272,10.399,13.801,16.576,22.48,30.58,41.617,52.767,69.416,97.045,153.85,251.09,385.23,549.72,780.89,1065.1,1332.6,1712.8,2164.5,2593.8,3152.7,3635.3,4224.6,4825.4,5506.6,6214,7070.2,7986.3,8645.7,9383,10170,10965,11850,12721,13551,14313,14946,15674,16455,17292,18067,18775,19449,20104,20735,21447,22273
0,-0.0086846,-0.0078758,0,0,0,0,0,0,0,0.058326,0,0.11421,0.0082112,0.1149,0.065027,0.11461,0.11399,0.11461,0.11505,0.1232,0.12381,0.13488,0.14539,0.14579,0.14571,0.14648,0.15692,0.16306,0.11751,0.15007,0.2317,0.18634,0.19148,0.44892,0.45545,0.73711,0.73937,0.77364,0.8187,1.0523,1.2268,1.4828,2.6304,4.142,7.099,12.221,14.99,20.823,26.601,32.686,46.28,61.175,85.142,104.63,136.14,191.83,313.7,526.11,850.97,1225.9,1765.3,2417.1,2991.2,3841.7,4668.6,5454.9,6567.4,7437.9,8504.6,9652.1,10841,12122,13605,15285,16437,17656,19024,20384,21909,23423,24854,26104,27111,28270,29762,31103,32304,33428,34450,35370,36234,37254,38430
0,-0.0046965,-0.0042591,0,0,0,0,0,0,0,0.031542,0,0.061765,0.0044405,0.062133,0.035166,0.06198,0.061645,0.061981,0.062216,0.066623,0.066955,0.072941,0.078626,0.078841,0.078799,0.079216,0.084857,0.088178,0.063546,0.081154,0.18045,0.10077,0.10355,0.4706,0.47786,0.79734,0.80096,0.8575,0.93402,1.3417,1.5804,2.0424,4.142,6.907,11.797,20.985,25.344,34.552,43.458,53.901,77.623,101.47,142.46,172.93,224.01,316.65,524.2,888.27,1464.3,2116.4,3061.5,4197.5,5175.2,6645,7966.2,9222.7,11064,12446,14141,16009,17865,19902,22211,24898,26699,28552,30685,32788,35157,37517,39742,41633,43133,44860,47288,49294,51057,52728,54209,55478,56648,58074,59711
0,-0.0090099,-0.0081709,0,0,0,0,0,0,0,0.060511,0,0.11849,0.0085188,0.1192,0.067463,0.1189,0.11826,0.11891,0.11936,0.12781,0.12845,0.13993,0.15084,0.15125,0.15117,0.15197,0.16279,0.16916,0.12191,0.15569,0.329,0.19332,0.19865,0.83184,0.84461,1.4054,1.4116,1.5083,1.6388,2.3333,2.7463,3.5318,7.099,11.797,20.152,35.78,43.25,59.029,74.314,92.121,132.53,173.35,243.26,295.51,382.89,541.15,895.2,1516,2496.3,3607.4,5216.9,7152.2,8820,11325,13587,15739,18885,21252,24156,27350,30534,34024,37984,42584,45672,48855,52512,56121,60184,64233,68049,71298,73877,76849,81001,84451,87485,90360,92912,95107,97132,99595,1.0242e+05
0,0.00029708,0.00026941,0,0,0,0,0,0,0,-0.0019952,0,-0.003907,-0.00028088,-0.0039303,-0.0022244,-0.0039205,-0.0038994,-0.0039207,-0.0039355,-0.0042143,-0.0042353,-0.0046139,-0.0049735,-0.0049871,-0.0049845,-0.0050108,-0.0053677,-0.0055777,-0.0040196,-0.0051334,0.24172,-0.0063743,-0.0065499,1.016,1.0326,1.7797,1.7905,1.9614,2.1959,3.4615,4.109,5.5649,12.221,20.985,35.78,64.66,77.517,104.72,130.69,162.87,236.5,307.47,433.54,523.1,676.11,957.25,1594.3,2715.1,4516.1,6537.3,9476.8,13001,16002,20544,24472,28209,33783,37876,42903,48508,53963,60005,66775,74766,80059,85422,91682,97826,1.0476e+05,1.1169e+05,1.1821e+05,1.2367e+05,1.2796e+05,1.329e+05,1.4019e+05,1.4594e+05,1.5094e+05,1.5571e+05,1.5988e+05,1.6334e+05,1.6649e+05,1.7041e+05,1.7491e+05
0,-0.0088831,-0.0080558,0,0,0,0,0,0,0,0.059659,0,0.11683,0.0083989,0.11752,0.066514,0.11723,0.1166,0.11723,0.11768,0.12601,0.12664,0.13796,0.14872,0.14912,0.14904,0.14983,0.1605,0.16678,0.12019,0.1535,0.48641,0.1906,0.19585,1.4896,1.5131,2.5572,2.5704,2.7773,3.0593,4.5706,5.402,7.1272,14.99,25.344,43.25,77.517,93.29,126.63,158.69,197.26,285.2,371.85,523.14,633.21,819.38,1159.1,1924.4,3268.7,5411.4,7827.1,11334,15544,19149,24586,29385,33949,40694,45703,51853,58666,65372,72762,81094,90854,97360,1.0401e+05,1.1171e+05,1.1928e+05,1.2782e+05,1.3635e+05,1.4437e+05,1.5115e+05,1.5649e+05,1.6266e+05,1.7152e+05,1.7868e+05,1.8494e+05,1.909e+05,1.9614e+05,2.0058e+05,2.0464e+05,2.0964e+05,2.1537e+05
0,-0.027629,-0.025056,0,0,0,0,0,0,0,0.18556,0,0.36337,0.026123,0.36553,0.20688,0.36463,0.36266,0.36464,0.36602,0.39195,0.3939,0.42911,0.46256,0.46382,0.46358,0.46603,0.49922,0.51875,0.37384,0.47743,0.98971,0.59284,0.60917,2.4716,2.5095,4.1711,4.1893,4.4724,4.8546,6.8864,8.1026,10.399,20.823,34.552,59.029,104.72,126.63,172.91,217.77,269.89,388.11,507.81,712.44,865.72,1121.9,1585.4,2621.8,4438.9,7305.8,10557,15265,20927,25809,33140,39774,46082,55300,62240,70757,80118,89459,99692,1.1131e+05,1.248e+05,1.3386e+05,1.4321e+05,1.5394e+05,1.6453e+05,1.7645e+05,1.8833e+05,1.9953e+05,2.0907e+05,2.1664e+05,2.2537e+05,2.3754e+05,2.4768e+05,2.566e+05,2.6504e+05,2.7254e+05,2.7901e+05,2.8497e+05,2.9222e+05,3.0055e+05
0,-0.051175,-0.04641,0,0,0,0,0,0,0,0.3437,0,0.67303,0.048386,0.67704,0.38318,0.67537,0.67173,0.67539,0.67794,0.72597,0.72958,0.79481,0.85675,0.8591,0.85864,0.86318,0.92465,0.96084,0.69244,0.8843,1.5904,1.0981,1.1283,3.5753,3.629,5.9711,5.9942,6.3512,6.8297,9.3548,10.972,13.801,26.601,43.458,74.314,130.69,158.69,217.77,275.42,340.47,487.4,639.62,895.27,1091.5,1416.1,1999.5,3295.8,5564.6,9113,13157,19002,26041,32148,41281,49722,57748,69364,78211,89063,1.0091e+05,1.1287e+05,1.2591e+05,1.408e+05,1.5796e+05,1.6956e+05,1.8161e+05,1.9536e+05,2.0895e+05,2.2424e+05,2.3946e+05,2.5382e+05,2.6614e+05,2.7597e+05,2.8729e+05,3.027e+05,3.1583e+05,3.2745e+05,3.3842e+05,3.4823e+05,3.568e+05,3.6476e+05,3.7434e+05,3.8535e+05
0,-0.051148,-0.046384,0,0,0,0,0,0,0,0.34351,0,0.67267,0.04836,0.67667,0.38298,0.675,0.67136,0.67502,0.67757,0.72557,0.72918,0.79438,0.85629,0.85863,0.85817,0.86271,0.92415,0.96032,0.69206,0.88382,1.7133,1.0975,1.1277,4.0843,4.1464,6.8621,6.8906,7.3327,7.9278,11.083,13.023,16.576,32.686,53.901,92.121,162.87,197.26,269.89,340.47,421.53,605.09,792.64,1111,1351.8,1752.6,2475.9,4089.2,6915.7,11360,16409,23717,32509,40109,51503,61899,71785,86176,97060,1.1042e+05,1.2506e+05,1.3973e+05,1.5578e+05,1.7404e+05,1.9518e+05,2.0941e+05,2.2413e+05,2.41e+05,2.5765e+05,2.764e+05,2.9506e+05,3.1267e+05,3.2771e+05,3.3968e+05,3.5346e+05,3.725e+05,3.8849e+05,4.026e+05,4.1595e+05,4.2783e+05,4.3813e+05,4.4766e+05,4.592e+05,4.7245e+05
0,-0.042,-0.038089,0,0,0,0,0,0,0,0.28208,0,0.55237,0.039711,0.55566,0.31449,0.55429,0.5513,0.5543,0.55639,0.59581,0.59878,0.65231,0.70315,0.70507,0.7047,0.70843,0.75888,0.78858,0.5683,0.72576,1.8011,0.90119,0.92603,4.9825,5.0601,8.485,8.5256,9.1604,10.022,14.623,17.249,22.48,46.28,77.623,132.53,236.5,285.2,388.11,487.4,605.09,872.84,1139.7,1601.5,1941.7,2514.2,3555.1,5892.4,9994.7,16506,23864,34536,47356,58367,74941,89726,1.0379e+05,1.2447e+05,1.3991e+05,1.5888e+05,1.7981e+05,2.0054e+05,2.2333e+05,2.4909e+05,2.7916e+05,2.9927e+05,3.1989e+05,3.437e+05,3.6715e+05,3.9358e+05,4.1993e+05,4.4476e+05,4.658e+05,4.8245e+05,5.0164e+05,5.2886e+05,5.5115e+05,5.7069e+05,5.8925e+05,6.0565e+05,6.1962e+05,6.3247e+05,6.4819e+05,6.6623e+05
0,-0.082075,-0.074432,0,0,0,0,0,0,0,0.55122,0,1.0794,0.077601,1.0858,0.61455,1.0832,1.0773,1.0832,1.0873,1.1643,1.1701,1.2747,1.3741,1.3778,1.3771,1.3844,1.483,1.541,1.1105,1.4182,2.9262,1.7611,1.8096,7.285,7.3965,12.291,12.344,13.175,14.298,20.263,23.839,30.58,61.175,101.47,173.35,307.47,371.85,507.81,639.62,792.64,1139.7,1491.3,2092.2,2542.5,3294.8,4656.1,7699.4,13034,21450,30994,44817,61440,75776,97299,1.1679e+05,1.3532e+05,1.6239e+05,1.8277e+05,2.0779e+05,2.3529e+05,2.6273e+05,2.9279e+05,3.2693e+05,3.6655e+05,3.9317e+05,4.2063e+05,4.5216e+05,4.8328e+05,5.1831e+05,5.5321e+05,5.8611e+05,6.1415e+05,6.3642e+05,6.6207e+05,6.9782e+05,7.2759e+05,7.5381e+05,7.7863e+05,8.0068e+05,8.1969e+05,8.3723e+05,8.5855e+05,8.8303e+05
0,-0.085291,-0.077349,0,0,0,0,0,0,0,0.57282,0,1.1217,0.080643,1.1284,0.63864,1.1256,1.1195,1.1256,1.1299,1.2099,1.216,1.3247,1.4279,1.4318,1.4311,1.4386,1.5411,1.6014,1.1541,1.4738,3.4783,1.8301,1.8805,9.3775,9.523,15.935,16.009,17.175,18.755,27.185,32.047,41.617,85.142,142.46,243.26,433.54,523.14,712.44,895.27,1111,1601.5,2092.2,2938.9,3564.9,4616.7,6527.3,10813,18334,30255,43737,63284,86772,1.0696e+05,1.3734e+05,1.6452e+05,1.9037e+05,2.2834e+05,2.5675e+05,2.9162e+05,3.3008e+05,3.6823e+05,4.1013e+05,4.5756e+05,5.1283e+05,5.4984e+05,5.8785e+05,6.3166e+05,6.7484e+05,7.2349e+05,7.7199e+05,8.1769e+05,8.5646e+05,8.8718e+05,9.2257e+05,9.7257e+05,1.0137e+06,1.0497e+06,1.084e+06,1.1142e+06,1.1401e+06,1.1639e+06,1.193e+06,1.2264e+06
0,-0.15469,-0.14028,0,0,0,0,0,0,0,1.0389,0,2.0343,0.14625,2.0465,1.1582,2.0414,2.0304,2.0415,2.0492,2.1944,2.2053,2.4024,2.5897,2.5968,2.5954,2.6091,2.7949,2.9043,2.093,2.673,5.2986,3.3191,3.4105,12.836,13.032,21.6,21.691,23.109,25.02,35.159,41.333,52.767,104.63,172.93,295.51,523.1,633.21,865.72,1091.5,1351.8,1941.7,2542.5,3564.9,4335.4,5619.9,7940.2,13120,22198,36489,52714,76203,1.0446e+05,1.2886e+05,1.6546e+05,1.9876e+05,2.3043e+05,2.7658e+05,3.1144e+05,3.542e+05,4.0113e+05,4.4809e+05,4.9948e+05,5.579e+05,6.2561e+05,6.7115e+05,7.1823e+05,7.7218e+05,8.2546e+05,8.8543e+05,9.4516e+05,1.0015e+06,1.0496e+06,1.0878e+06,1.1318e+06,1.1928e+06,1.2439e+06,1.289e+06,1.3316e+06,1.3695e+06,1.4023e+06,1.4326e+06,1.4693e+06,1.5116e+06
0,-0.22454,-0.20363,0,0,0,0,0,0,0,1.508,0,2.953,0.2123,2.9706,1.6813,2.9633,2.9473,2.9634,2.9745,3.1853,3.2011,3.4873,3.7591,3.7694,3.7674,3.7873,4.057,4.2158,3.0382,3.88,7.3722,4.8179,4.9506,17.314,17.577,29.047,29.165,31.003,33.475,46.564,54.691,69.416,136.14,224.01,382.89,676.11,819.38,1121.9,1416.1,1752.6,2514.2,3294.8,4616.7,5619.9,7287.3,10294,16993,28727,47156,68107,98421,1.349e+05,1.6646e+05,2.1375e+05,2.5702e+05,2.9818e+05,3.58e+05,4.0332e+05,4.5892e+05,5.1983e+05,5.8097e+05,6.4778e+05,7.2387e+05,8.1186e+05,8.7115e+05,9.3257e+05,1.0028e+06,1.0723e+06,1.1504e+06,1.2281e+06,1.3015e+06,1.3642e+06,1.4142e+06,1.4717e+06,1.5509e+06,1.6177e+06,1.6766e+06,1.7323e+06,1.782e+06,1.8251e+06,1.8651e+06,1.9133e+06,1.9688e+06
0,-0.29285,-0.26558,0,0,0,0,0,0,0,1.9668,0,3.8514,0.27689,3.8744,2.1928,3.8648,3.8439,3.8649,3.8795,4.1543,4.175,4.5483,4.9027,4.9161,4.9135,4.9395,5.2913,5.4984,3.9625,5.0604,9.9044,6.2836,6.4567,23.777,24.139,39.976,40.143,42.74,46.237,64.785,76.142,97.045,191.83,316.65,541.15,957.25,1159.1,1585.4,1999.5,2475.9,3555.1,4656.1,6527.3,7940.2,10294,14543,24024,40636,66771,96455,1.3942e+05,1.9111e+05,2.3577e+05,3.0275e+05,3.6378e+05,4.2181e+05,5.0634e+05,5.7023e+05,6.4862e+05,7.346e+05,8.2071e+05,9.149e+05,1.0221e+06,1.1461e+06,1.2297e+06,1.316e+06,1.415e+06,1.5127e+06,1.6227e+06,1.7322e+06,1.8355e+06,1.9237e+06,1.9939e+06,2.0747e+06,2.1865e+06,2.2803e+06,2.363e+06,2.4412e+06,2.5109e+06,2.5712e+06,2.6269e+06,2.6945e+06,2.7721e+06
0,-0.33005,-0.29931,0,0,0,0,0,0,0,2.2166,0,4.3406,0.31206,4.3665,2.4713,4.3557,4.3322,4.3558,4.3722,4.682,4.7053,5.126,5.5255,5.5406,5.5376,5.5669,5.9634,6.1967,4.4657,5.7032,13.14,7.0817,7.2769,34.966,35.508,59.349,59.624,63.913,69.725,100.71,118.69,153.85,313.7,524.2,895.2,1594.3,1924.4,2621.8,3295.8,4089.2,5892.4,7699.4,10813,13120,16993,24024,39787,67444,1.1125e+05,1.6082e+05,2.3267e+05,3.1902e+05,3.9328e+05,5.0496e+05,6.0508e+05,7.0029e+05,8.4001e+05,9.4467e+05,1.0731e+06,1.2147e+06,1.3553e+06,1.5097e+06,1.6844e+06,1.888e+06,2.0244e+06,2.1645e+06,2.326e+06,2.4852e+06,2.6645e+06,2.8432e+06,3.0116e+06,3.1546e+06,3.2679e+06,3.3985e+06,3.5826e+06,3.7342e+06,3.8673e+06,3.9936e+06,4.1054e+06,4.2011e+06,4.2891e+06,4.3966e+06,4.52e+06
0,-0.34083,-0.30909,0,0,0,0,0,0,0,2.289,0,4.4824,0.32225,4.5091,2.552,4.498,4.4737,4.4981,4.5151,4.835,4.859,5.2934,5.706,5.7216,5.7186,5.7488,6.1582,6.3992,4.6117,5.8895,17.669,7.3131,7.5146,53.045,53.881,90.928,91.391,98.645,108.52,161.44,190.74,251.09,526.11,888.27,1516,2715.1,3268.7,4438.9,5564.6,6915.7,9994.7,13034,18334,22198,28727,40636,67444,1.1453e+05,1.8953e+05,2.7411e+05,3.9689e+05,5.443e+05,6.7059e+05,8.6099e+05,1.0293e+06,1.1895e+06,1.4259e+06,1.6017e+06,1.8175e+06,2.0564e+06,2.2918e+06,2.5512e+06,2.8437e+06,3.1861e+06,3.4145e+06,3.648e+06,3.9183e+06,4.1843e+06,4.4842e+06,4.7834e+06,5.0652e+06,5.3032e+06,5.4912e+06,5.7078e+06,6.0185e+06,6.2702e+06,6.4905e+06,6.6999e+06,6.8844e+06,7.0405e+06,7.1836e+06,7.3596e+06,7.5615e+06
0,0.090695,0.082249,0,0,0,0,0,0,0,-0.60911,0,-1.1928,-0.085752,-1.1999,-0.6791,-1.1969,-1.1905,-1.1969,-1.2015,-1.2866,-1.293,-1.4086,-1.5184,-1.5225,-1.5217,-1.5298,-1.6387,-1.7028,-1.2272,-1.5672,15.395,-1.946,-1.9996,68.904,70.041,121.09,121.85,133.77,150.14,238.58,283.39,385.23,850.97,1464.3,2496.3,4516.1,5411.4,7305.8,9113,11360,16506,21450,30255,36489,47156,66771,1.1125e+05,1.8953e+05,3.1545e+05,4.5667e+05,6.6211e+05,9.0837e+05,1.1179e+06,1.4352e+06,1.7089e+06,1.9692e+06,2.3581e+06,2.6432e+06,2.9934e+06,3.3842e+06,3.7639e+06,4.1847e+06,4.656e+06,5.2128e+06,5.5812e+06,5.9541e+06,6.3899e+06,6.8175e+06,7.3002e+06,7.7825e+06,8.2362e+06,8.6158e+06,8.9136e+06,9.257e+06,9.7652e+06,1.0165e+07,1.0512e+07,1.0844e+07,1.1133e+07,1.1372e+07,1.159e+07,1.1862e+07,1.2173e+07
0,0.29182,0.26464,0,0,0,0,0,0,0,-1.9599,0,-3.8379,-0.27591,-3.8607,-2.1851,-3.8512,-3.8304,-3.8513,-3.8658,-4.1397,-4.1603,-4.5323,-4.8855,-4.8989,-4.8963,-4.9222,-5.2727,-5.479,-3.9485,-5.0426,18.868,-6.2615,-6.4341,95.024,96.608,167.93,169.02,186.24,209.93,338.04,401.95,549.72,1225.9,2116.4,3607.4,6537.3,7827.1,10557,13157,16409,23864,30994,43737,52714,68107,96455,1.6082e+05,2.7411e+05,4.5667e+05,6.6123e+05,9.5891e+05,1.3157e+06,1.6189e+06,2.0783e+06,2.4729e+06,2.8483e+06,3.4101e+06,3.821e+06,4.3258e+06,4.8899e+06,5.4366e+06,6.0433e+06,6.7217e+06,7.5245e+06,8.0551e+06,8.5912e+06,9.2186e+06,9.8338e+06,1.0529e+07,1.1223e+07,1.1876e+07,1.2422e+07,1.2849e+07,1.3342e+07,1.4076e+07,1.4649e+07,1.5147e+07,1.5623e+07,1.6037e+07,1.638e+07,1.669e+07,1.7078e+07,1.7523e+07
0,0.74781,0.67817,0,0,0,0,0,0,0,-5.0223,0,-9.8348,-0.70705,-9.8934,-5.5993,-9.8689,-9.8157,-9.8692,-9.9065,-10.608,-10.661,-11.614,-12.519,-12.554,-12.547,-12.613,-13.512,-14.04,-10.118,-12.922,20.441,-16.046,-16.488,128.21,130.38,228.55,230.12,255,289.32,475.25,565.96,780.89,1765.3,3061.5,5216.9,9476.8,11334,15265,19002,23717,34536,44817,63284,76203,98421,1.3942e+05,2.3267e+05,3.9689e+05,6.6211e+05,9.5891e+05,1.3911e+06,1.9087e+06,2.348e+06,3.0144e+06,3.5833e+06,4.1244e+06,4.9367e+06,5.5287e+06,6.2561e+06,7.0706e+06,7.8574e+06,8.7316e+06,9.7075e+06,1.0865e+07,1.1629e+07,1.2398e+07,1.3301e+07,1.4185e+07,1.5185e+07,1.6184e+07,1.7123e+07,1.7906e+07,1.8518e+07,1.9224e+07,2.0283e+07,2.1105e+07,2.1817e+07,2.2499e+07,2.3091e+07,2.3577e+07,2.4018e+07,2.457e+07,2.5202e+07
0,1.151,1.0438,0,0,0,0,0,0,0,-7.7303,0,-15.138,-1.0883,-15.228,-8.6184,-15.19,-15.108,-15.191,-15.248,-16.328,-16.409,-17.877,-19.27,-19.322,-19.312,-19.414,-20.797,-21.611,-15.574,-19.889,25.38,-24.697,-25.378,172.21,175.14,307.81,309.96,344.07,391.14,646.29,769.99,1065.1,2417.1,4197.5,7152.2,13001,15544,20927,26041,32509,47356,61440,86772,1.0446e+05,1.349e+05,1.9111e+05,3.1902e+05,5.443e+05,9.0837e+05,1.3157e+06,1.9087e+06,2.6191e+06,3.2217e+06,4.136e+06,4.9152e+06,5.6565e+06,6.7699e+06,7.5807e+06,8.577e+06,9.6931e+06,1.077e+07,1.1968e+07,1.3303e+07,1.4889e+07,1.5934e+07,1.6987e+07,1.8223e+07,1.9433e+07,2.0801e+07,2.2169e+07,2.3455e+07,2.4525e+07,2.5363e+07,2.6328e+07,2.778e+07,2.8904e+07,2.9877e+07,3.0809e+07,3.1618e+07,3.2281e+07,3.2881e+07,3.3635e+07,3.4498e+07
