0.083754,0,0,0,0,0,0,0,0,0,0,0,0,0,0,0,0,0,0,0,0,0,0,0,0,0,0,0,0,0,0,0,0,0,0,0,0,0,0,0,0,0,0,0,0,0,0,0,0,0,0,0,0,0,0,0,0,0,0,0,0,0,0.0097584,0.020107,0.035203,0.052687,0.066577,0.065098,0.065949,0.071309,0.083371,0.098518,0.12832,0.14495,0.15346,0.15103,0.14087,0.1196,0.090456,0.069291,0.028793,0,0,0,0,-0.045242,-0.099586,-0.16925,-0.25154,-0.32641,-0.40992,-0.48452,-0.55544,-0.646
0,0.44596,0.44368,0.44294,0.4429,0.44269,0.44279,0.44285,0.44273,0.44265,0.44265,0.44271,0.44262,0.44267,0.44268,0.4426,0.44262,0.44261,0.44271,0.44261,0.44274,0.44258,0.44265,0.44276,0.44264,0.4426,0.44255,0.4425,0.44243,0.44236,0.44241,0.44243,0.44233,0.44247,0.44231,0.44234,0.44237,0.44228,0.44227,0.44216,0.44205,0.442,0.44187,0.44185,0.44155,0.44113,0.44059,0.43982,0.43911,0.43817,0.43662,0.43476,0.43189,0.4284,0.42447,0.41834,0.41025,0.40077,0.38642,0.36851,0.34706,0.32388,0.28791,0.25186,0.19935,0.13587,0.068426,0,-0.024242,-0.09007,-0.17223,-0.26614,-0.37522,-0.47717,-0.58151,-0.6605,-0.7387,-0.81727,-0.89463,-0.98012,-1.059,-1.1486,-1.2269,-1.3077,-1.3686,-1.4229,-1.483,-1.5449,-1.5936,-1.6335,-1.6759,-1.7219,-1.7773,-1.8426
0,0.44368,0.44141,0.44067,0.44063,0.44042,0.44053,0.44058,0.44046,0.44038,0.44038,0.44044,0.44035,0.4404,0.44042,0.44034,0.44035,0.44035,0.44044,0.44035,0.44047,0.44031,0.44039,0.4405,0.44038,0.44033,0.44029,0.44023,0.44016,0.4401,0.44014,0.44016,0.44007,0.4402,0.44005,0.44008,0.44011,0.44001,0.44,0.43989,0.43978,0.43974,0.43961,0.43959,0.43929,0.43887,0.43833,0.43757,0.43686,0.43593,0.43438,0.43254,0.42968,0.42621,0.42229,0.4162,0.40815,0.39872,0.38444,0.36663,0.34528,0.32222,0.28644,0.25057,0.19833,0.13518,0.068075,0,-0.024118,-0.089609,-0.17135,-0.26478,-0.3733,-0.47473,-0.57854,-0.65712,-0.73492,-0.81309,-0.89006,-0.97511,-1.0536,-1.1427,-1.2206,-1.301,-1.3616,-1.4156,-1.4754,-1.537,-1.5854,-1.6251,-1.6673,-1.7131,-1.7682,-1.8332
0,0.44294,0.44067,0.43993,0.43989,0.43968,0.43979,0.43984,0.43972,0.43964,0.43964,0.43971,0.43961,0.43966,0.43968,0.4396,0.43961,0.43961,0.43971,0.43961,0.43973,0.43957,0.43965,0.43976,0.43964,0.43959,0.43955,0.4395,0.43942,0.43936,0.4394,0.43943,0.43933,0.43946,0.43931,0.43934,0.43937,0.43927,0.43926,0.43915,0.43905,0.439,0.43887,0.43885,0.43855,0.43814,0.4376,0.43684,0.43613,0.4352,0.43365,0.43181,0.42896,0.42549,0.42158,0.4155,0.40747,0.39805,0.3838,0.36601,0.3447,0.32168,0.28596,0.25015,0.19799,0.13495,0.067961,0,-0.024078,-0.089459,-0.17106,-0.26434,-0.37268,-0.47394,-0.57757,-0.65602,-0.73369,-0.81172,-0.88856,-0.97347,-1.0519,-1.1408,-1.2185,-1.2988,-1.3593,-1.4132,-1.473,-1.5344,-1.5827,-1.6224,-1.6645,-1.7102,-1.7652,-1.8301
0,0.4429,0.44063,0.43989,0.43986,0.43965,0.43975,0.4398,0.43969,0.43961,0.4396,0.43967,0.43957,0.43963,0.43964,0.43956,0.43958,0.43957,0.43967,0.43957,0.4397,0.43954,0.43961,0.43972,0.4396,0.43956,0.43951,0.43946,0.43939,0.43932,0.43937,0.43939,0.43929,0.43943,0.43928,0.4393,0.43934,0.43924,0.43923,0.43912,0.43901,0.43897,0.43883,0.43882,0.43851,0.4381,0.43756,0.4368,0.43609,0.43516,0.43362,0.43177,0.42892,0.42546,0.42155,0.41547,0.40744,0.39802,0.38377,0.36598,0.34467,0.32166,0.28593,0.25013,0.19798,0.13494,0.067956,0,-0.024076,-0.089451,-0.17104,-0.26431,-0.37265,-0.4739,-0.57752,-0.65597,-0.73363,-0.81165,-0.88849,-0.97339,-1.0518,-1.1407,-1.2184,-1.2987,-1.3592,-1.4131,-1.4728,-1.5343,-1.5826,-1.6222,-1.6644,-1.71,-1.7651,-1.8299
0,0.44269,0.44042,0.43968,0.43965,0.43943,0.43954,0.43959,0.43947,0.4394,0.43939,0.43946,0.43936,0.43941,0.43943,0.43935,0.43937,0.43936,0.43946,0.43936,0.43948,0.43933,0.4394,0.43951,0.43939,0.43935,0.4393,0.43925,0.43917,0.43911,0.43916,0.43918,0.43908,0.43921,0.43906,0.43909,0.43912,0.43903,0.43902,0.43891,0.4388,0.43876,0.43862,0.43861,0.4383,0.43789,0.43735,0.43659,0.43588,0.43495,0.43341,0.43157,0.42872,0.42525,0.42135,0.41526,0.40724,0.39783,0.38358,0.3658,0.34451,0.3215,0.28579,0.25001,0.19788,0.13487,0.067923,0,-0.024064,-0.089408,-0.17096,-0.26419,-0.37247,-0.47367,-0.57724,-0.65565,-0.73327,-0.81126,-0.88806,-0.97292,-1.0513,-1.1401,-1.2179,-1.2981,-1.3585,-1.4124,-1.4721,-1.5335,-1.5818,-1.6214,-1.6636,-1.7092,-1.7643,-1.829
0,0.44279,0.44053,0.43979,0.43975,0.43954,0.43965,0.4397,0.43958,0.4395,0.4395,0.43956,0.43947,0.43952,0.43954,0.43946,0.43947,0.43947,0.43956,0.43947,0.43959,0.43943,0.43951,0.43962,0.4395,0.43945,0.43941,0.43935,0.43928,0.43922,0.43926,0.43929,0.43919,0.43932,0.43917,0.4392,0.43923,0.43913,0.43912,0.43901,0.43891,0.43886,0.43873,0.43871,0.43841,0.438,0.43746,0.4367,0.43599,0.43506,0.43351,0.43167,0.42882,0.42536,0.42145,0.41537,0.40734,0.39792,0.38367,0.36589,0.34459,0.32158,0.28586,0.25007,0.19793,0.13491,0.067939,0,-0.02407,-0.08943,-0.171,-0.26425,-0.37256,-0.47378,-0.57738,-0.65581,-0.73345,-0.81146,-0.88828,-0.97316,-1.0515,-1.1404,-1.2182,-1.2984,-1.3588,-1.4127,-1.4725,-1.5339,-1.5822,-1.6218,-1.664,-1.7096,-1.7647,-1.8295
0,0.44285,0.44058,0.43984,0.4398,0.43959,0.4397,0.43975,0.43963,0.43955,0.43955,0.43962,0.43952,0.43957,0.43959,0.43951,0.43953,0.43952,0.43962,0.43952,0.43964,0.43948,0.43956,0.43967,0.43955,0.43951,0.43946,0.43941,0.43933,0.43927,0.43932,0.43934,0.43924,0.43937,0.43922,0.43925,0.43928,0.43918,0.43918,0.43906,0.43896,0.43891,0.43878,0.43876,0.43846,0.43805,0.43751,0.43675,0.43604,0.43511,0.43356,0.43172,0.42887,0.42541,0.4215,0.41542,0.40739,0.39797,0.38372,0.36594,0.34463,0.32162,0.2859,0.2501,0.19795,0.13492,0.067947,0,-0.024073,-0.08944,-0.17102,-0.26428,-0.3726,-0.47384,-0.57745,-0.65589,-0.73354,-0.81156,-0.88838,-0.97327,-1.0516,-1.1405,-1.2183,-1.2986,-1.359,-1.4129,-1.4727,-1.5341,-1.5824,-1.622,-1.6642,-1.7098,-1.7649,-1.8297
0,0.44273,0.44046,0.43972,0.43969,0.43947,0.43958,0.43963,0.43952,0.43944,0.43943,0.4395,0.4394,0.43946,0.43947,0.43939,0.43941,0.4394,0.4395,0.4394,0.43953,0.43937,0.43944,0.43955,0.43943,0.43939,0.43934,0.43929,0.43922,0.43915,0.4392,0.43922,0.43912,0.43925,0.4391,0.43913,0.43916,0.43907,0.43906,0.43895,0.43884,0.4388,0.43866,0.43865,0.43834,0.43793,0.43739,0.43663,0.43592,0.43499,0.43345,0.43161,0.42876,0.42529,0.42139,0.4153,0.40728,0.39786,0.38362,0.36584,0.34454,0.32153,0.28582,0.25004,0.1979,0.13489,0.067929,0,-0.024066,-0.089416,-0.17098,-0.26421,-0.3725,-0.47371,-0.5773,-0.65571,-0.73334,-0.81134,-0.88814,-0.97301,-1.0514,-1.1402,-1.218,-1.2982,-1.3586,-1.4125,-1.4723,-1.5337,-1.582,-1.6216,-1.6637,-1.7094,-1.7644,-1.8292
0,0.44265,0.44038,0.43964,0.43961,0.4394,0.4395,0.43955,0.43944,0.43936,0.43935,0.43942,0.43932,0.43938,0.43939,0.43931,0.43933,0.43932,0.43942,0.43932,0.43945,0.43929,0.43936,0.43947,0.43935,0.43931,0.43926,0.43921,0.43914,0.43907,0.43912,0.43914,0.43904,0.43918,0.43903,0.43905,0.43909,0.43899,0.43898,0.43887,0.43876,0.43872,0.43858,0.43857,0.43826,0.43785,0.43731,0.43655,0.43584,0.43491,0.43337,0.43153,0.42868,0.42522,0.42131,0.41523,0.4072,0.39779,0.38355,0.36577,0.34448,0.32147,0.28577,0.24999,0.19786,0.13486,0.067917,0,-0.024062,-0.0894,-0.17095,-0.26416,-0.37243,-0.47363,-0.57719,-0.65559,-0.73321,-0.81119,-0.88798,-0.97284,-1.0512,-1.14,-1.2178,-1.298,-1.3584,-1.4123,-1.472,-1.5334,-1.5817,-1.6213,-1.6634,-1.7091,-1.7641,-1.8289
0,0.44265,0.44038,0.43964,0.4396,0.43939,0.4395,0.43955,0.43943,0.43935,0.43935,0.43942,0.43932,0.43937,0.43939,0.43931,0.43933,0.43932,0.43942,0.43932,0.43944,0.43929,0.43936,0.43947,0.43935,0.43931,0.43926,0.43921,0.43913,0.43907,0.43912,0.43914,0.43904,0.43917,0.43902,0.43905,0.43908,0.43899,0.43898,0.43887,0.43876,0.43872,0.43858,0.43857,0.43826,0.43785,0.43731,0.43655,0.43584,0.43491,0.43337,0.43153,0.42868,0.42521,0.42131,0.41523,0.4072,0.39779,0.38354,0.36577,0.34448,0.32147,0.28577,0.24999,0.19786,0.13486,0.067917,0,-0.024062,-0.0894,-0.17095,-0.26416,-0.37243,-0.47362,-0.57719,-0.65559,-0.73321,-0.81119,-0.88798,-0.97283,-1.0512,-1.14,-1.2177,-1.298,-1.3584,-1.4123,-1.472,-1.5334,-1.5817,-1.6213,-1.6634,-1.7091,-1.7641,-1.8289
0,0.44271,0.44044,0.43971,0.43967,0.43946,0.43956,0.43962,0.4395,0.43942,0.43942,0.43948,0.43939,0.43944,0.43945,0.43938,0.43939,0.43938,0.43948,0.43938,0.43951,0.43935,0.43943,0.43953,0.43941,0.43937,0.43932,0.43927,0.4392,0.43914,0.43918,0.4392,0.43911,0.43924,0.43909,0.43911,0.43915,0.43905,0.43904,0.43893,0.43882,0.43878,0.43864,0.43863,0.43832,0.43791,0.43737,0.43662,0.4359,0.43497,0.43343,0.43159,0.42874,0.42528,0.42137,0.41529,0.40726,0.39785,0.3836,0.36582,0.34453,0.32152,0.28581,0.25003,0.19789,0.13488,0.067926,0,-0.024065,-0.089413,-0.17097,-0.2642,-0.37249,-0.47369,-0.57727,-0.65568,-0.73331,-0.81131,-0.88811,-0.97297,-1.0513,-1.1402,-1.2179,-1.2982,-1.3586,-1.4125,-1.4722,-1.5336,-1.5819,-1.6215,-1.6637,-1.7093,-1.7643,-1.8291
0,0.44262,0.44035,0.43961,0.43957,0.43936,0.43947,0.43952,0.4394,0.43932,0.43932,0.43939,0.43929,0.43934,0.43936,0.43928,0.4393,0.43929,0.43939,0.43929,0.43941,0.43926,0.43933,0.43944,0.43932,0.43928,0.43923,0.43918,0.4391,0.43904,0.43909,0.43911,0.43901,0.43914,0.43899,0.43902,0.43905,0.43896,0.43895,0.43884,0.43873,0.43869,0.43855,0.43854,0.43823,0.43782,0.43728,0.43652,0.43581,0.43488,0.43334,0.4315,0.42865,0.42519,0.42128,0.4152,0.40717,0.39776,0.38352,0.36574,0.34445,0.32145,0.28575,0.24997,0.19785,0.13485,0.067912,0,-0.02406,-0.089394,-0.17093,-0.26414,-0.37241,-0.47359,-0.57715,-0.65554,-0.73316,-0.81113,-0.88792,-0.97276,-1.0511,-1.1399,-1.2177,-1.2979,-1.3583,-1.4122,-1.4719,-1.5333,-1.5816,-1.6212,-1.6633,-1.7089,-1.764,-1.8287
0,0.44267,0.4404,0.43966,0.43963,0.43941,0.43952,0.43957,0.43946,0.43938,0.43937,0.43944,0.43934,0.4394,0.43941,0.43933,0.43935,0.43934,0.43944,0.43934,0.43947,0.43931,0.43938,0.43949,0.43937,0.43933,0.43928,0.43923,0.43916,0.43909,0.43914,0.43916,0.43906,0.4392,0.43904,0.43907,0.43911,0.43901,0.439,0.43889,0.43878,0.43874,0.4386,0.43859,0.43828,0.43787,0.43733,0.43657,0.43586,0.43493,0.43339,0.43155,0.4287,0.42524,0.42133,0.41525,0.40722,0.39781,0.38356,0.36579,0.34449,0.32149,0.28578,0.25,0.19787,0.13487,0.06792,0,-0.024063,-0.089404,-0.17095,-0.26418,-0.37245,-0.47365,-0.57722,-0.65562,-0.73324,-0.81123,-0.88802,-0.97288,-1.0512,-1.1401,-1.2178,-1.298,-1.3585,-1.4123,-1.4721,-1.5335,-1.5818,-1.6214,-1.6635,-1.7091,-1.7642,-1.829
0,0.44268,0.44042,0.43968,0.43964,0.43943,0.43954,0.43959,0.43947,0.43939,0.43939,0.43945,0.43936,0.43941,0.43942,0.43935,0.43936,0.43936,0.43945,0.43936,0.43948,0.43932,0.4394,0.43951,0.43939,0.43934,0.43929,0.43924,0.43917,0.43911,0.43915,0.43917,0.43908,0.43921,0.43906,0.43909,0.43912,0.43902,0.43901,0.4389,0.43879,0.43875,0.43862,0.4386,0.4383,0.43788,0.43735,0.43659,0.43588,0.43495,0.4334,0.43156,0.42871,0.42525,0.42134,0.41526,0.40724,0.39782,0.38358,0.3658,0.3445,0.3215,0.28579,0.25001,0.19788,0.13487,0.067922,0,-0.024064,-0.089407,-0.17096,-0.26418,-0.37246,-0.47366,-0.57724,-0.65564,-0.73327,-0.81125,-0.88805,-0.97291,-1.0512,-1.1401,-1.2178,-1.2981,-1.3585,-1.4124,-1.4721,-1.5335,-1.5818,-1.6214,-1.6636,-1.7092,-1.7642,-1.829
0,0.4426,0.44034,0.4396,0.43956,0.43935,0.43946,0.43951,0.43939,0.43931,0.43931,0.43938,0.43928,0.43933,0.43935,0.43927,0.43928,0.43928,0.43938,0.43928,0.4394,0.43924,0.43932,0.43943,0.43931,0.43926,0.43922,0.43917,0.43909,0.43903,0.43908,0.4391,0.439,0.43913,0.43898,0.43901,0.43904,0.43894,0.43894,0.43882,0.43872,0.43867,0.43854,0.43852,0.43822,0.43781,0.43727,0.43651,0.4358,0.43487,0.43333,0.43149,0.42864,0.42518,0.42127,0.41519,0.40716,0.39775,0.38351,0.36574,0.34444,0.32144,0.28574,0.24997,0.19784,0.13485,0.06791,0,-0.02406,-0.089392,-0.17093,-0.26414,-0.3724,-0.47358,-0.57713,-0.65553,-0.73314,-0.81111,-0.88789,-0.97274,-1.0511,-1.1399,-1.2176,-1.2979,-1.3583,-1.4121,-1.4718,-1.5333,-1.5816,-1.6211,-1.6633,-1.7089,-1.7639,-1.8287
0,0.44262,0.44035,0.43961,0.43958,0.43937,0.43947,0.43953,0.43941,0.43933,0.43933,0.43939,0.4393,0.43935,0.43936,0.43928,0.4393,0.43929,0.43939,0.43929,0.43942,0.43926,0.43934,0.43944,0.43932,0.43928,0.43923,0.43918,0.43911,0.43905,0.43909,0.43911,0.43902,0.43915,0.439,0.43902,0.43906,0.43896,0.43895,0.43884,0.43873,0.43869,0.43855,0.43854,0.43823,0.43782,0.43729,0.43653,0.43582,0.43488,0.43334,0.4315,0.42865,0.42519,0.42128,0.4152,0.40718,0.39777,0.38352,0.36575,0.34445,0.32145,0.28575,0.24997,0.19785,0.13485,0.067913,0,-0.024061,-0.089395,-0.17094,-0.26415,-0.37241,-0.4736,-0.57715,-0.65555,-0.73316,-0.81114,-0.88792,-0.97277,-1.0511,-1.1399,-1.2177,-1.2979,-1.3583,-1.4122,-1.4719,-1.5333,-1.5816,-1.6212,-1.6633,-1.709,-1.764,-1.8288
0,0.44261,0.44035,0.43961,0.43957,0.43936,0.43947,0.43952,0.4394,0.43932,0.43932,0.43938,0.43929,0.43934,0.43936,0.43928,0.43929,0.43929,0.43939,0.43929,0.43941,0.43925,0.43933,0.43944,0.43932,0.43927,0.43923,0.43918,0.4391,0.43904,0.43909,0.43911,0.43901,0.43914,0.43899,0.43902,0.43905,0.43895,0.43894,0.43883,0.43873,0.43868,0.43855,0.43853,0.43823,0.43782,0.43728,0.43652,0.43581,0.43488,0.43334,0.4315,0.42865,0.42518,0.42128,0.4152,0.40717,0.39776,0.38352,0.36574,0.34445,0.32145,0.28575,0.24997,0.19785,0.13485,0.067912,0,-0.02406,-0.089394,-0.17093,-0.26414,-0.37241,-0.47359,-0.57715,-0.65554,-0.73316,-0.81113,-0.88791,-0.97276,-1.0511,-1.1399,-1.2177,-1.2979,-1.3583,-1.4122,-1.4719,-1.5333,-1.5816,-1.6212,-1.6633,-1.7089,-1.764,-1.8287
0,0.44271,0.44044,0.43971,0.43967,0.43946,0.43956,0.43962,0.4395,0.43942,0.43942,0.43948,0.43939,0.43944,0.43945,0.43938,0.43939,0.43939,0.43948,0.43938,0.43951,0.43935,0.43943,0.43953,0.43941,0.43937,0.43932,0.43927,0.4392,0.43914,0.43918,0.4392,0.43911,0.43924,0.43909,0.43911,0.43915,0.43905,0.43904,0.43893,0.43882,0.43878,0.43864,0.43863,0.43832,0.43791,0.43737,0.43662,0.4359,0.43497,0.43343,0.43159,0.42874,0.42528,0.42137,0.41529,0.40726,0.39785,0.3836,0.36582,0.34453,0.32152,0.28581,0.25003,0.19789,0.13488,0.067926,0,-0.024065,-0.089413,-0.17097,-0.2642,-0.37249,-0.47369,-0.57727,-0.65568,-0.73331,-0.81131,-0.88811,-0.97297,-1.0513,-1.1402,-1.2179,-1.2982,-1.3586,-1.4125,-1.4722,-1.5336,-1.5819,-1.6215,-1.6637,-1.7093,-1.7643,-1.8291
0,0.44261,0.44035,0.43961,0.43957,0.43936,0.43947,0.43952,0.4394,0.43932,0.43932,0.43938,0.43929,0.43934,0.43936,0.43928,0.43929,0.43929,0.43938,0.43929,0.43941,0.43925,0.43933,0.43944,0.43932,0.43927,0.43923,0.43917,0.4391,0.43904,0.43908,0.43911,0.43901,0.43914,0.43899,0.43902,0.43905,0.43895,0.43894,0.43883,0.43873,0.43868,0.43855,0.43853,0.43823,0.43782,0.43728,0.43652,0.43581,0.43488,0.43334,0.43149,0.42865,0.42518,0.42128,0.4152,0.40717,0.39776,0.38352,0.36574,0.34445,0.32145,0.28575,0.24997,0.19785,0.13485,0.067912,0,-0.02406,-0.089393,-0.17093,-0.26414,-0.3724,-0.47359,-0.57715,-0.65554,-0.73315,-0.81113,-0.88791,-0.97276,-1.0511,-1.1399,-1.2177,-1.2979,-1.3583,-1.4122,-1.4719,-1.5333,-1.5816,-1.6212,-1.6633,-1.7089,-1.764,-1.8287
0,0.44274,0.44047,0.43973,0.4397,0.43948,0.43959,0.43964,0.43953,0.43945,0.43944,0.43951,0.43941,0.43947,0.43948,0.4394,0.43942,0.43941,0.43951,0.43941,0.43954,0.43938,0.43945,0.43956,0.43944,0.4394,0.43935,0.4393,0.43923,0.43916,0.43921,0.43923,0.43913,0.43926,0.43911,0.43914,0.43917,0.43908,0.43907,0.43896,0.43885,0.43881,0.43867,0.43866,0.43835,0.43794,0.4374,0.43664,0.43593,0.435,0.43346,0.43162,0.42877,0.4253,0.4214,0.41531,0.40729,0.39787,0.38362,0.36585,0.34455,0.32154,0.28583,0.25004,0.1979,0.13489,0.067931,0,-0.024067,-0.089418,-0.17098,-0.26422,-0.37251,-0.47372,-0.57731,-0.65573,-0.73336,-0.81136,-0.88816,-0.97303,-1.0514,-1.1402,-1.218,-1.2983,-1.3587,-1.4126,-1.4723,-1.5337,-1.582,-1.6216,-1.6638,-1.7094,-1.7645,-1.8293
0,0.44258,0.44031,0.43957,0.43954,0.43933,0.43943,0.43948,0.43937,0.43929,0.43929,0.43935,0.43926,0.43931,0.43932,0.43924,0.43926,0.43925,0.43935,0.43925,0.43938,0.43922,0.43929,0.4394,0.43928,0.43924,0.43919,0.43914,0.43907,0.43901,0.43905,0.43907,0.43898,0.43911,0.43896,0.43898,0.43902,0.43892,0.43891,0.4388,0.43869,0.43865,0.43851,0.4385,0.43819,0.43778,0.43724,0.43649,0.43577,0.43484,0.4333,0.43146,0.42861,0.42515,0.42124,0.41516,0.40714,0.39773,0.38349,0.36571,0.34442,0.32142,0.28572,0.24995,0.19783,0.13484,0.067906,0,-0.024058,-0.089386,-0.17092,-0.26412,-0.37238,-0.47355,-0.5771,-0.65549,-0.7331,-0.81106,-0.88784,-0.97268,-1.051,-1.1398,-1.2176,-1.2978,-1.3582,-1.4121,-1.4718,-1.5332,-1.5815,-1.6211,-1.6632,-1.7088,-1.7638,-1.8286
0,0.44265,0.44039,0.43965,0.43961,0.4394,0.43951,0.43956,0.43944,0.43936,0.43936,0.43943,0.43933,0.43938,0.4394,0.43932,0.43934,0.43933,0.43943,0.43933,0.43945,0.43929,0.43937,0.43948,0.43936,0.43931,0.43927,0.43922,0.43914,0.43908,0.43913,0.43915,0.43905,0.43918,0.43903,0.43906,0.43909,0.43899,0.43899,0.43887,0.43877,0.43872,0.43859,0.43857,0.43827,0.43786,0.43732,0.43656,0.43585,0.43492,0.43338,0.43153,0.42869,0.42522,0.42132,0.41524,0.40721,0.3978,0.38355,0.36578,0.34448,0.32148,0.28577,0.24999,0.19787,0.13486,0.067918,0,-0.024062,-0.089402,-0.17095,-0.26417,-0.37244,-0.47363,-0.5772,-0.6556,-0.73322,-0.8112,-0.888,-0.97285,-1.0512,-1.14,-1.2178,-1.298,-1.3584,-1.4123,-1.472,-1.5334,-1.5817,-1.6213,-1.6635,-1.7091,-1.7641,-1.8289
0,0.44276,0.4405,0.43976,0.43972,0.43951,0.43962,0.43967,0.43955,0.43947,0.43947,0.43953,0.43944,0.43949,0.43951,0.43943,0.43944,0.43944,0.43953,0.43944,0.43956,0.4394,0.43948,0.43959,0.43947,0.43942,0.43938,0.43932,0.43925,0.43919,0.43923,0.43925,0.43916,0.43929,0.43914,0.43917,0.4392,0.4391,0.43909,0.43898,0.43887,0.43883,0.4387,0.43868,0.43838,0.43797,0.43743,0.43667,0.43596,0.43503,0.43348,0.43164,0.42879,0.42533,0.42142,0.41534,0.40731,0.39789,0.38365,0.36587,0.34457,0.32156,0.28584,0.25006,0.19792,0.1349,0.067935,0,-0.024068,-0.089424,-0.17099,-0.26423,-0.37253,-0.47375,-0.57734,-0.65576,-0.7334,-0.8114,-0.88821,-0.97309,-1.0514,-1.1403,-1.2181,-1.2983,-1.3587,-1.4127,-1.4724,-1.5338,-1.5821,-1.6217,-1.6639,-1.7095,-1.7646,-1.8294
0,0.44264,0.44038,0.43964,0.4396,0.43939,0.4395,0.43955,0.43943,0.43935,0.43935,0.43941,0.43932,0.43937,0.43939,0.43931,0.43932,0.43932,0.43941,0.43932,0.43944,0.43928,0.43936,0.43947,0.43935,0.4393,0.43925,0.4392,0.43913,0.43907,0.43911,0.43913,0.43904,0.43917,0.43902,0.43905,0.43908,0.43898,0.43897,0.43886,0.43875,0.43871,0.43858,0.43856,0.43826,0.43785,0.43731,0.43655,0.43584,0.43491,0.43336,0.43152,0.42867,0.42521,0.4213,0.41522,0.4072,0.39779,0.38354,0.36577,0.34447,0.32147,0.28577,0.24999,0.19786,0.13486,0.067916,0,-0.024062,-0.089399,-0.17094,-0.26416,-0.37243,-0.47362,-0.57718,-0.65558,-0.7332,-0.81118,-0.88797,-0.97282,-1.0512,-1.14,-1.2177,-1.298,-1.3584,-1.4123,-1.472,-1.5334,-1.5817,-1.6213,-1.6634,-1.709,-1.7641,-1.8289
0,0.4426,0.44033,0.43959,0.43956,0.43935,0.43945,0.43951,0.43939,0.43931,0.43931,0.43937,0.43928,0.43933,0.43934,0.43926,0.43928,0.43927,0.43937,0.43927,0.4394,0.43924,0.43931,0.43942,0.4393,0.43926,0.43921,0.43916,0.43909,0.43903,0.43907,0.43909,0.439,0.43913,0.43898,0.439,0.43904,0.43894,0.43893,0.43882,0.43871,0.43867,0.43853,0.43852,0.43821,0.4378,0.43727,0.43651,0.4358,0.43486,0.43332,0.43148,0.42863,0.42517,0.42126,0.41518,0.40716,0.39775,0.3835,0.36573,0.34444,0.32144,0.28574,0.24996,0.19784,0.13485,0.067909,0,-0.024059,-0.08939,-0.17093,-0.26413,-0.37239,-0.47357,-0.57713,-0.65552,-0.73313,-0.8111,-0.88788,-0.97273,-1.0511,-1.1399,-1.2176,-1.2978,-1.3582,-1.4121,-1.4718,-1.5332,-1.5815,-1.6211,-1.6633,-1.7089,-1.7639,-1.8287
0,0.44255,0.44029,0.43955,0.43951,0.4393,0.43941,0.43946,0.43934,0.43926,0.43926,0.43932,0.43923,0.43928,0.43929,0.43922,0.43923,0.43923,0.43932,0.43923,0.43935,0.43919,0.43927,0.43938,0.43925,0.43921,0.43916,0.43911,0.43904,0.43898,0.43902,0.43904,0.43895,0.43908,0.43893,0.43896,0.43899,0.43889,0.43888,0.43877,0.43866,0.43862,0.43849,0.43847,0.43817,0.43775,0.43722,0.43646,0.43575,0.43482,0.43328,0.43143,0.42859,0.42512,0.42122,0.41514,0.40711,0.3977,0.38346,0.36569,0.3444,0.3214,0.28571,0.24994,0.19782,0.13483,0.067902,0,-0.024057,-0.089381,-0.17091,-0.26411,-0.37235,-0.47352,-0.57706,-0.65545,-0.73305,-0.81101,-0.88779,-0.97262,-1.0509,-1.1398,-1.2175,-1.2977,-1.3581,-1.412,-1.4717,-1.5331,-1.5814,-1.621,-1.6631,-1.7087,-1.7637,-1.8285
0,0.4425,0.44023,0.4395,0.43946,0.43925,0.43935,0.43941,0.43929,0.43921,0.43921,0.43927,0.43918,0.43923,0.43924,0.43917,0.43918,0.43918,0.43927,0.43917,0.4393,0.43914,0.43922,0.43932,0.4392,0.43916,0.43911,0.43906,0.43899,0.43893,0.43897,0.43899,0.4389,0.43903,0.43888,0.43891,0.43894,0.43884,0.43883,0.43872,0.43861,0.43857,0.43843,0.43842,0.43812,0.4377,0.43717,0.43641,0.4357,0.43477,0.43322,0.43138,0.42854,0.42507,0.42117,0.41509,0.40707,0.39766,0.38342,0.36565,0.34436,0.32136,0.28567,0.24991,0.1978,0.13482,0.067894,0,-0.024054,-0.08937,-0.17089,-0.26407,-0.37231,-0.47347,-0.577,-0.65537,-0.73296,-0.81092,-0.88768,-0.97251,-1.0508,-1.1396,-1.2173,-1.2976,-1.3579,-1.4118,-1.4715,-1.5329,-1.5812,-1.6208,-1.6629,-1.7085,-1.7635,-1.8283
0,0.44243,0.44016,0.43942,0.43939,0.43917,0.43928,0.43933,0.43922,0.43914,0.43913,0.4392,0.4391,0.43916,0.43917,0.43909,0.43911,0.4391,0.4392,0.4391,0.43923,0.43907,0.43914,0.43925,0.43913,0.43909,0.43904,0.43899,0.43892,0.43885,0.4389,0.43892,0.43882,0.43895,0.4388,0.43883,0.43886,0.43877,0.43876,0.43865,0.43854,0.4385,0.43836,0.43835,0.43804,0.43763,0.43709,0.43634,0.43562,0.43469,0.43315,0.43131,0.42846,0.425,0.4211,0.41502,0.407,0.39759,0.38335,0.36559,0.3443,0.32131,0.28563,0.24987,0.19776,0.13479,0.067883,0,-0.02405,-0.089355,-0.17086,-0.26403,-0.37225,-0.47339,-0.5769,-0.65526,-0.73284,-0.81078,-0.88754,-0.97235,-1.0506,-1.1394,-1.2171,-1.2973,-1.3577,-1.4116,-1.4713,-1.5326,-1.5809,-1.6205,-1.6626,-1.7082,-1.7632,-1.828
0,0.44236,0.4401,0.43936,0.43932,0.43911,0.43922,0.43927,0.43915,0.43907,0.43907,0.43914,0.43904,0.43909,0.43911,0.43903,0.43905,0.43904,0.43914,0.43904,0.43916,0.43901,0.43908,0.43919,0.43907,0.43903,0.43898,0.43893,0.43885,0.43879,0.43884,0.43886,0.43876,0.43889,0.43874,0.43877,0.4388,0.43871,0.4387,0.43859,0.43848,0.43844,0.4383,0.43829,0.43798,0.43757,0.43703,0.43627,0.43556,0.43463,0.43309,0.43125,0.4284,0.42494,0.42104,0.41496,0.40694,0.39754,0.3833,0.36554,0.34426,0.32127,0.28559,0.24983,0.19774,0.13477,0.067873,0,-0.024047,-0.089343,-0.17084,-0.26399,-0.37219,-0.47332,-0.57682,-0.65517,-0.73274,-0.81067,-0.88741,-0.97221,-1.0505,-1.1393,-1.217,-1.2972,-1.3575,-1.4114,-1.471,-1.5324,-1.5807,-1.6203,-1.6624,-1.708,-1.763,-1.8277
0,0.44241,0.44014,0.4394,0.43937,0.43916,0.43926,0.43932,0.4392,0.43912,0.43912,0.43918,0.43909,0.43914,0.43915,0.43908,0.43909,0.43909,0.43918,0.43908,0.43921,0.43905,0.43913,0.43923,0.43911,0.43907,0.43902,0.43897,0.4389,0.43884,0.43888,0.4389,0.43881,0.43894,0.43879,0.43882,0.43885,0.43875,0.43874,0.43863,0.43852,0.43848,0.43834,0.43833,0.43803,0.43761,0.43708,0.43632,0.43561,0.43468,0.43314,0.43129,0.42845,0.42499,0.42108,0.415,0.40698,0.39758,0.38334,0.36557,0.34429,0.3213,0.28561,0.24986,0.19776,0.13479,0.06788,0,-0.024049,-0.089352,-0.17085,-0.26402,-0.37223,-0.47337,-0.57688,-0.65524,-0.73281,-0.81075,-0.8875,-0.97231,-1.0506,-1.1394,-1.2171,-1.2973,-1.3577,-1.4115,-1.4712,-1.5326,-1.5809,-1.6204,-1.6625,-1.7081,-1.7631,-1.8279
0,0.44243,0.44016,0.43943,0.43939,0.43918,0.43929,0.43934,0.43922,0.43914,0.43914,0.4392,0.43911,0.43916,0.43917,0.4391,0.43911,0.43911,0.4392,0.43911,0.43923,0.43907,0.43915,0.43925,0.43913,0.43909,0.43904,0.43899,0.43892,0.43886,0.4389,0.43892,0.43883,0.43896,0.43881,0.43884,0.43887,0.43877,0.43876,0.43865,0.43854,0.4385,0.43836,0.43835,0.43805,0.43763,0.4371,0.43634,0.43563,0.4347,0.43316,0.43132,0.42847,0.42501,0.4211,0.41502,0.407,0.39759,0.38336,0.36559,0.34431,0.32131,0.28563,0.24987,0.19777,0.13479,0.067883,0,-0.02405,-0.089356,-0.17086,-0.26403,-0.37225,-0.47339,-0.57691,-0.65527,-0.73285,-0.81079,-0.88754,-0.97235,-1.0506,-1.1395,-1.2171,-1.2973,-1.3577,-1.4116,-1.4713,-1.5326,-1.5809,-1.6205,-1.6626,-1.7082,-1.7632,-1.828
0,0.44233,0.44007,0.43933,0.43929,0.43908,0.43919,0.43924,0.43912,0.43904,0.43904,0.43911,0.43901,0.43906,0.43908,0.439,0.43902,0.43901,0.43911,0.43901,0.43913,0.43898,0.43905,0.43916,0.43904,0.439,0.43895,0.4389,0.43882,0.43876,0.43881,0.43883,0.43873,0.43886,0.43871,0.43874,0.43877,0.43868,0.43867,0.43856,0.43845,0.43841,0.43827,0.43826,0.43795,0.43754,0.437,0.43624,0.43553,0.4346,0.43306,0.43122,0.42837,0.42491,0.42101,0.41493,0.40691,0.39751,0.38327,0.36551,0.34423,0.32124,0.28557,0.24981,0.19772,0.13477,0.067869,0,-0.024045,-0.089337,-0.17083,-0.26398,-0.37217,-0.47329,-0.57678,-0.65513,-0.73269,-0.81061,-0.88735,-0.97214,-1.0504,-1.1392,-1.2169,-1.2971,-1.3574,-1.4113,-1.4709,-1.5323,-1.5806,-1.6202,-1.6623,-1.7078,-1.7628,-1.8276
0,0.44247,0.4402,0.43946,0.43943,0.43921,0.43932,0.43937,0.43925,0.43918,0.43917,0.43924,0.43914,0.4392,0.43921,0.43913,0.43915,0.43914,0.43924,0.43914,0.43926,0.43911,0.43918,0.43929,0.43917,0.43913,0.43908,0.43903,0.43895,0.43889,0.43894,0.43896,0.43886,0.43899,0.43884,0.43887,0.4389,0.43881,0.4388,0.43869,0.43858,0.43854,0.4384,0.43839,0.43808,0.43767,0.43713,0.43637,0.43566,0.43473,0.43319,0.43135,0.4285,0.42504,0.42114,0.41506,0.40704,0.39763,0.38339,0.36562,0.34433,0.32134,0.28565,0.24989,0.19778,0.13481,0.067889,0,-0.024052,-0.089363,-0.17088,-0.26405,-0.37228,-0.47343,-0.57695,-0.65532,-0.73291,-0.81086,-0.88762,-0.97243,-1.0507,-1.1395,-1.2172,-1.2975,-1.3578,-1.4117,-1.4714,-1.5328,-1.5811,-1.6206,-1.6628,-1.7084,-1.7634,-1.8281
0,0.44231,0.44005,0.43931,0.43928,0.43906,0.43917,0.43922,0.4391,0.43903,0.43902,0.43909,0.43899,0.43904,0.43906,0.43898,0.439,0.43899,0.43909,0.43899,0.43911,0.43896,0.43903,0.43914,0.43902,0.43898,0.43893,0.43888,0.4388,0.43874,0.43879,0.43881,0.43871,0.43884,0.43869,0.43872,0.43875,0.43866,0.43865,0.43854,0.43843,0.43839,0.43825,0.43824,0.43793,0.43752,0.43698,0.43622,0.43551,0.43458,0.43304,0.4312,0.42836,0.4249,0.42099,0.41492,0.4069,0.39749,0.38326,0.3655,0.34422,0.32123,0.28555,0.2498,0.19771,0.13476,0.067866,0,-0.024044,-0.089333,-0.17082,-0.26396,-0.37215,-0.47327,-0.57675,-0.6551,-0.73266,-0.81058,-0.88731,-0.9721,-1.0504,-1.1392,-1.2168,-1.297,-1.3574,-1.4112,-1.4709,-1.5322,-1.5805,-1.6201,-1.6622,-1.7078,-1.7628,-1.8275
0,0.44234,0.44008,0.43934,0.4393,0.43909,0.4392,0.43925,0.43913,0.43905,0.43905,0.43911,0.43902,0.43907,0.43909,0.43901,0.43902,0.43902,0.43911,0.43902,0.43914,0.43898,0.43906,0.43917,0.43905,0.439,0.43896,0.43891,0.43883,0.43877,0.43882,0.43884,0.43874,0.43887,0.43872,0.43875,0.43878,0.43868,0.43868,0.43856,0.43846,0.43841,0.43828,0.43827,0.43796,0.43755,0.43701,0.43625,0.43554,0.43461,0.43307,0.43123,0.42838,0.42492,0.42102,0.41494,0.40692,0.39752,0.38328,0.36552,0.34424,0.32125,0.28557,0.24982,0.19773,0.13477,0.06787,0,-0.024045,-0.089339,-0.17083,-0.26398,-0.37218,-0.4733,-0.57679,-0.65514,-0.7327,-0.81063,-0.88737,-0.97216,-1.0504,-1.1392,-1.2169,-1.2971,-1.3575,-1.4113,-1.471,-1.5323,-1.5806,-1.6202,-1.6623,-1.7079,-1.7629,-1.8276
0,0.44237,0.44011,0.43937,0.43934,0.43912,0.43923,0.43928,0.43916,0.43909,0.43908,0.43915,0.43905,0.43911,0.43912,0.43904,0.43906,0.43905,0.43915,0.43905,0.43917,0.43902,0.43909,0.4392,0.43908,0.43904,0.43899,0.43894,0.43886,0.4388,0.43885,0.43887,0.43877,0.4389,0.43875,0.43878,0.43881,0.43872,0.43871,0.4386,0.43849,0.43845,0.43831,0.4383,0.43799,0.43758,0.43704,0.43628,0.43557,0.43464,0.4331,0.43126,0.42841,0.42495,0.42105,0.41497,0.40695,0.39755,0.38331,0.36555,0.34426,0.32127,0.28559,0.24984,0.19774,0.13478,0.067875,0,-0.024047,-0.089345,-0.17084,-0.264,-0.3722,-0.47333,-0.57683,-0.65519,-0.73276,-0.81069,-0.88743,-0.97223,-1.0505,-1.1393,-1.217,-1.2972,-1.3576,-1.4114,-1.4711,-1.5325,-1.5807,-1.6203,-1.6624,-1.708,-1.763,-1.8278
0,0.44228,0.44001,0.43927,0.43924,0.43903,0.43913,0.43918,0.43907,0.43899,0.43899,0.43905,0.43896,0.43901,0.43902,0.43894,0.43896,0.43895,0.43905,0.43895,0.43908,0.43892,0.43899,0.4391,0.43898,0.43894,0.43889,0.43884,0.43877,0.43871,0.43875,0.43877,0.43868,0.43881,0.43866,0.43868,0.43872,0.43862,0.43861,0.4385,0.43839,0.43835,0.43821,0.4382,0.4379,0.43748,0.43695,0.43619,0.43548,0.43455,0.43301,0.43117,0.42832,0.42486,0.42096,0.41488,0.40686,0.39746,0.38322,0.36546,0.34419,0.3212,0.28553,0.24978,0.1977,0.13475,0.06786,0,-0.024042,-0.089325,-0.1708,-0.26394,-0.37212,-0.47323,-0.57671,-0.65504,-0.7326,-0.81051,-0.88724,-0.97202,-1.0503,-1.1391,-1.2167,-1.2969,-1.3573,-1.4111,-1.4708,-1.5321,-1.5804,-1.6199,-1.6621,-1.7076,-1.7626,-1.8273
0,0.44227,0.44,0.43926,0.43923,0.43902,0.43912,0.43918,0.43906,0.43898,0.43898,0.43904,0.43895,0.439,0.43901,0.43894,0.43895,0.43894,0.43904,0.43894,0.43907,0.43891,0.43899,0.43909,0.43897,0.43893,0.43888,0.43883,0.43876,0.4387,0.43874,0.43876,0.43867,0.4388,0.43865,0.43868,0.43871,0.43861,0.4386,0.43849,0.43838,0.43834,0.4382,0.43819,0.43789,0.43747,0.43694,0.43618,0.43547,0.43454,0.433,0.43116,0.42831,0.42485,0.42095,0.41487,0.40685,0.39745,0.38322,0.36546,0.34418,0.3212,0.28552,0.24978,0.19769,0.13474,0.067858,0,-0.024041,-0.089323,-0.1708,-0.26394,-0.37211,-0.47322,-0.57669,-0.65503,-0.73258,-0.81049,-0.88722,-0.972,-1.0503,-1.139,-1.2167,-1.2969,-1.3572,-1.4111,-1.4707,-1.5321,-1.5803,-1.6199,-1.662,-1.7076,-1.7626,-1.8273
0,0.44216,0.43989,0.43915,0.43912,0.43891,0.43901,0.43906,0.43895,0.43887,0.43887,0.43893,0.43884,0.43889,0.4389,0.43882,0.43884,0.43883,0.43893,0.43883,0.43896,0.4388,0.43887,0.43898,0.43886,0.43882,0.43877,0.43872,0.43865,0.43859,0.43863,0.43865,0.43856,0.43869,0.43854,0.43856,0.4386,0.4385,0.43849,0.43838,0.43827,0.43823,0.43809,0.43808,0.43778,0.43736,0.43683,0.43607,0.43536,0.43443,0.43289,0.43105,0.4282,0.42474,0.42084,0.41477,0.40675,0.39735,0.38312,0.36536,0.34409,0.32111,0.28545,0.24971,0.19764,0.13471,0.067841,0,-0.024035,-0.089301,-0.17076,-0.26387,-0.37202,-0.4731,-0.57655,-0.65486,-0.7324,-0.81029,-0.88699,-0.97175,-1.05,-1.1387,-1.2164,-1.2965,-1.3569,-1.4107,-1.4704,-1.5317,-1.5799,-1.6195,-1.6616,-1.7072,-1.7621,-1.8268
0,0.44205,0.43978,0.43905,0.43901,0.4388,0.43891,0.43896,0.43884,0.43876,0.43876,0.43882,0.43873,0.43878,0.43879,0.43872,0.43873,0.43873,0.43882,0.43873,0.43885,0.43869,0.43877,0.43887,0.43875,0.43871,0.43866,0.43861,0.43854,0.43848,0.43852,0.43854,0.43845,0.43858,0.43843,0.43846,0.43849,0.43839,0.43838,0.43827,0.43816,0.43812,0.43799,0.43797,0.43767,0.43726,0.43672,0.43596,0.43525,0.43432,0.43278,0.43094,0.4281,0.42464,0.42074,0.41467,0.40665,0.39725,0.38303,0.36527,0.34401,0.32104,0.28538,0.24965,0.1976,0.13468,0.067825,0,-0.024029,-0.089279,-0.17071,-0.2638,-0.37193,-0.47298,-0.57641,-0.6547,-0.73222,-0.81009,-0.88678,-0.97151,-1.0497,-1.1385,-1.2161,-1.2962,-1.3565,-1.4104,-1.47,-1.5313,-1.5796,-1.6191,-1.6612,-1.7067,-1.7617,-1.8264
0,0.442,0.43974,0.439,0.43897,0.43876,0.43886,0.43891,0.4388,0.43872,0.43872,0.43878,0.43869,0.43874,0.43875,0.43867,0.43869,0.43868,0.43878,0.43868,0.43881,0.43865,0.43872,0.43883,0.43871,0.43867,0.43862,0.43857,0.4385,0.43844,0.43848,0.4385,0.43841,0.43854,0.43839,0.43841,0.43845,0.43835,0.43834,0.43823,0.43812,0.43808,0.43794,0.43793,0.43763,0.43721,0.43668,0.43592,0.43521,0.43428,0.43274,0.4309,0.42806,0.4246,0.4207,0.41463,0.40661,0.39721,0.38299,0.36524,0.34398,0.321,0.28535,0.24963,0.19758,0.13466,0.067818,0,-0.024027,-0.08927,-0.1707,-0.26378,-0.37189,-0.47294,-0.57635,-0.65464,-0.73214,-0.81001,-0.88669,-0.97142,-1.0496,-1.1384,-1.216,-1.2961,-1.3564,-1.4102,-1.4699,-1.5312,-1.5794,-1.6189,-1.661,-1.7066,-1.7615,-1.8262
0,0.44187,0.43961,0.43887,0.43883,0.43862,0.43873,0.43878,0.43866,0.43858,0.43858,0.43864,0.43855,0.4386,0.43862,0.43854,0.43855,0.43855,0.43864,0.43855,0.43867,0.43851,0.43859,0.4387,0.43858,0.43853,0.43849,0.43843,0.43836,0.4383,0.43834,0.43836,0.43827,0.4384,0.43825,0.43828,0.43831,0.43821,0.4382,0.43809,0.43799,0.43794,0.43781,0.43779,0.43749,0.43708,0.43654,0.43578,0.43507,0.43414,0.43261,0.43077,0.42792,0.42447,0.42057,0.4145,0.40649,0.39709,0.38287,0.36513,0.34387,0.3209,0.28526,0.24955,0.19752,0.13462,0.067797,0,-0.02402,-0.089243,-0.17065,-0.2637,-0.37178,-0.47279,-0.57617,-0.65444,-0.73192,-0.80976,-0.88642,-0.97112,-1.0493,-1.138,-1.2156,-1.2957,-1.356,-1.4098,-1.4694,-1.5307,-1.5789,-1.6184,-1.6605,-1.706,-1.761,-1.8257
0,0.44185,0.43959,0.43885,0.43882,0.43861,0.43871,0.43876,0.43865,0.43857,0.43857,0.43863,0.43854,0.43859,0.4386,0.43852,0.43854,0.43853,0.43863,0.43853,0.43866,0.4385,0.43857,0.43868,0.43856,0.43852,0.43847,0.43842,0.43835,0.43829,0.43833,0.43835,0.43826,0.43839,0.43824,0.43827,0.4383,0.4382,0.43819,0.43808,0.43797,0.43793,0.43779,0.43778,0.43748,0.43706,0.43653,0.43577,0.43506,0.43413,0.43259,0.43075,0.42791,0.42445,0.42055,0.41448,0.40647,0.39708,0.38286,0.36511,0.34386,0.3209,0.28526,0.24954,0.19751,0.13462,0.067795,0,-0.024019,-0.08924,-0.17064,-0.26369,-0.37177,-0.47278,-0.57615,-0.65442,-0.73189,-0.80974,-0.88639,-0.97109,-1.0493,-1.138,-1.2156,-1.2957,-1.356,-1.4097,-1.4694,-1.5307,-1.5789,-1.6184,-1.6605,-1.706,-1.7609,-1.8256
0,0.44155,0.43929,0.43855,0.43851,0.4383,0.43841,0.43846,0.43834,0.43826,0.43826,0.43832,0.43823,0.43828,0.4383,0.43822,0.43823,0.43823,0.43832,0.43823,0.43835,0.43819,0.43827,0.43838,0.43826,0.43821,0.43817,0.43812,0.43804,0.43798,0.43803,0.43805,0.43795,0.43808,0.43793,0.43796,0.43799,0.4379,0.43789,0.43778,0.43767,0.43763,0.43749,0.43748,0.43717,0.43676,0.43622,0.43547,0.43476,0.43383,0.43229,0.43045,0.42761,0.42416,0.42026,0.4142,0.40619,0.3968,0.38259,0.36486,0.34362,0.32067,0.28506,0.24937,0.19737,0.13453,0.067748,0,-0.024002,-0.089178,-0.17052,-0.26351,-0.37151,-0.47245,-0.57575,-0.65396,-0.73139,-0.80917,-0.88577,-0.97041,-1.0486,-1.1372,-1.2147,-1.2948,-1.355,-1.4088,-1.4683,-1.5296,-1.5778,-1.6173,-1.6593,-1.7048,-1.7597,-1.8243
0,0.44113,0.43887,0.43814,0.4381,0.43789,0.438,0.43805,0.43793,0.43785,0.43785,0.43791,0.43782,0.43787,0.43788,0.43781,0.43782,0.43782,0.43791,0.43782,0.43794,0.43778,0.43786,0.43797,0.43785,0.4378,0.43775,0.4377,0.43763,0.43757,0.43761,0.43763,0.43754,0.43767,0.43752,0.43755,0.43758,0.43748,0.43747,0.43736,0.43726,0.43721,0.43708,0.43706,0.43676,0.43635,0.43581,0.43506,0.43435,0.43342,0.43188,0.43005,0.42721,0.42376,0.41987,0.41381,0.40581,0.39643,0.38223,0.36452,0.3433,0.32037,0.28479,0.24913,0.19719,0.1344,0.067684,0,-0.02398,-0.089094,-0.17036,-0.26326,-0.37116,-0.472,-0.57521,-0.65334,-0.7307,-0.80841,-0.88494,-0.9695,-1.0476,-1.1361,-1.2136,-1.2935,-1.3537,-1.4074,-1.4669,-1.5282,-1.5763,-1.6157,-1.6577,-1.7032,-1.7581,-1.8226
0,0.44059,0.43833,0.4376,0.43756,0.43735,0.43746,0.43751,0.43739,0.43731,0.43731,0.43737,0.43728,0.43733,0.43735,0.43727,0.43729,0.43728,0.43737,0.43728,0.4374,0.43724,0.43732,0.43743,0.43731,0.43727,0.43722,0.43717,0.43709,0.43703,0.43708,0.4371,0.437,0.43713,0.43698,0.43701,0.43704,0.43695,0.43694,0.43683,0.43672,0.43668,0.43654,0.43653,0.43622,0.43581,0.43528,0.43452,0.43382,0.43289,0.43136,0.42952,0.42669,0.42324,0.41935,0.4133,0.40531,0.39594,0.38176,0.36407,0.34288,0.31998,0.28444,0.24883,0.19694,0.13423,0.067601,0,-0.02395,-0.088985,-0.17015,-0.26294,-0.3707,-0.47142,-0.57451,-0.65254,-0.7298,-0.80742,-0.88385,-0.96831,-1.0463,-1.1347,-1.2121,-1.292,-1.3521,-1.4057,-1.4651,-1.5263,-1.5744,-1.6138,-1.6557,-1.7011,-1.7559,-1.8204
0,0.43982,0.43757,0.43684,0.4368,0.43659,0.4367,0.43675,0.43663,0.43655,0.43655,0.43662,0.43652,0.43657,0.43659,0.43651,0.43653,0.43652,0.43662,0.43652,0.43664,0.43649,0.43656,0.43667,0.43655,0.43651,0.43646,0.43641,0.43634,0.43627,0.43632,0.43634,0.43624,0.43637,0.43622,0.43625,0.43628,0.43619,0.43618,0.43607,0.43596,0.43592,0.43578,0.43577,0.43547,0.43506,0.43452,0.43377,0.43306,0.43214,0.43061,0.42878,0.42595,0.4225,0.41862,0.41258,0.40461,0.39525,0.3811,0.36344,0.34228,0.31942,0.28395,0.2484,0.1966,0.134,0.067484,0,-0.023909,-0.08883,-0.16986,-0.26248,-0.37006,-0.47061,-0.57351,-0.65141,-0.72853,-0.80602,-0.88232,-0.96663,-1.0445,-1.1327,-1.21,-1.2897,-1.3497,-1.4033,-1.4626,-1.5236,-1.5716,-1.611,-1.6528,-1.6982,-1.7528,-1.8172
0,0.43911,0.43686,0.43613,0.43609,0.43588,0.43599,0.43604,0.43592,0.43584,0.43584,0.4359,0.43581,0.43586,0.43588,0.4358,0.43582,0.43581,0.4359,0.43581,0.43593,0.43577,0.43585,0.43596,0.43584,0.4358,0.43575,0.4357,0.43562,0.43556,0.43561,0.43563,0.43553,0.43566,0.43551,0.43554,0.43557,0.43548,0.43547,0.43536,0.43525,0.43521,0.43507,0.43506,0.43476,0.43435,0.43382,0.43306,0.43236,0.43143,0.4299,0.42808,0.42525,0.42182,0.41794,0.41191,0.40395,0.39461,0.38048,0.36285,0.34172,0.3189,0.28348,0.24799,0.19628,0.13378,0.067374,0,-0.02387,-0.088685,-0.16958,-0.26205,-0.36946,-0.46984,-0.57258,-0.65035,-0.72735,-0.8047,-0.88088,-0.96506,-1.0428,-1.1309,-1.208,-1.2876,-1.3475,-1.401,-1.4602,-1.5211,-1.5691,-1.6083,-1.6501,-1.6954,-1.75,-1.8143
0,0.43817,0.43593,0.4352,0.43516,0.43495,0.43506,0.43511,0.43499,0.43491,0.43491,0.43497,0.43488,0.43493,0.43495,0.43487,0.43488,0.43488,0.43497,0.43488,0.435,0.43484,0.43492,0.43503,0.43491,0.43486,0.43482,0.43477,0.43469,0.43463,0.43468,0.4347,0.4346,0.43473,0.43458,0.43461,0.43464,0.43455,0.43454,0.43443,0.43432,0.43428,0.43414,0.43413,0.43383,0.43342,0.43289,0.43214,0.43143,0.43051,0.42899,0.42716,0.42434,0.42091,0.41705,0.41103,0.40308,0.39377,0.37967,0.36207,0.34099,0.31822,0.28288,0.24746,0.19586,0.1335,0.06723,0,-0.023819,-0.088496,-0.16922,-0.26149,-0.36867,-0.46883,-0.57135,-0.64896,-0.72579,-0.80298,-0.879,-0.96299,-1.0405,-1.1285,-1.2054,-1.2849,-1.3447,-1.398,-1.4571,-1.5179,-1.5657,-1.6049,-1.6466,-1.6918,-1.7462,-1.8104
0,0.43662,0.43438,0.43365,0.43362,0.43341,0.43351,0.43356,0.43345,0.43337,0.43337,0.43343,0.43334,0.43339,0.4334,0.43333,0.43334,0.43334,0.43343,0.43334,0.43346,0.4333,0.43338,0.43348,0.43336,0.43332,0.43328,0.43322,0.43315,0.43309,0.43314,0.43316,0.43306,0.43319,0.43304,0.43307,0.4331,0.43301,0.433,0.43289,0.43278,0.43274,0.43261,0.43259,0.43229,0.43188,0.43136,0.43061,0.4299,0.42899,0.42747,0.42565,0.42284,0.41942,0.41557,0.40957,0.40166,0.39237,0.37832,0.36079,0.33978,0.31709,0.28188,0.24659,0.19517,0.13302,0.066992,0,-0.023734,-0.088182,-0.16862,-0.26056,-0.36736,-0.46717,-0.56933,-0.64666,-0.72322,-0.80014,-0.87588,-0.95958,-1.0368,-1.1245,-1.2012,-1.2803,-1.3399,-1.393,-1.4519,-1.5125,-1.5602,-1.5992,-1.6408,-1.6858,-1.7401,-1.804
0,0.43476,0.43254,0.43181,0.43177,0.43157,0.43167,0.43172,0.43161,0.43153,0.43153,0.43159,0.4315,0.43155,0.43156,0.43149,0.4315,0.4315,0.43159,0.43149,0.43162,0.43146,0.43153,0.43164,0.43152,0.43148,0.43143,0.43138,0.43131,0.43125,0.43129,0.43132,0.43122,0.43135,0.4312,0.43123,0.43126,0.43117,0.43116,0.43105,0.43094,0.4309,0.43077,0.43075,0.43045,0.43005,0.42952,0.42878,0.42808,0.42716,0.42565,0.42384,0.42104,0.41764,0.4138,0.40783,0.39995,0.3907,0.37671,0.35925,0.33834,0.31574,0.28068,0.24554,0.19434,0.13246,0.066707,0,-0.023633,-0.087807,-0.1679,-0.25946,-0.3658,-0.46519,-0.56691,-0.64391,-0.72015,-0.79674,-0.87216,-0.9555,-1.0324,-1.1197,-1.1961,-1.2749,-1.3342,-1.3871,-1.4458,-1.5061,-1.5535,-1.5924,-1.6338,-1.6786,-1.7327,-1.7963
0,0.43189,0.42968,0.42896,0.42892,0.42872,0.42882,0.42887,0.42876,0.42868,0.42868,0.42874,0.42865,0.4287,0.42871,0.42864,0.42865,0.42865,0.42874,0.42865,0.42877,0.42861,0.42869,0.42879,0.42867,0.42863,0.42859,0.42854,0.42846,0.4284,0.42845,0.42847,0.42837,0.4285,0.42836,0.42838,0.42841,0.42832,0.42831,0.4282,0.4281,0.42806,0.42792,0.42791,0.42761,0.42721,0.42669,0.42595,0.42525,0.42434,0.42284,0.42104,0.41826,0.41488,0.41107,0.40514,0.39731,0.38812,0.37423,0.35688,0.33611,0.31366,0.27882,0.24392,0.19306,0.13158,0.066266,0,-0.023477,-0.087228,-0.16679,-0.25774,-0.36338,-0.46212,-0.56316,-0.63966,-0.71539,-0.79148,-0.8664,-0.94919,-1.0256,-1.1123,-1.1882,-1.2664,-1.3254,-1.378,-1.4362,-1.4961,-1.5433,-1.5819,-1.623,-1.6675,-1.7212,-1.7844
0,0.4284,0.42621,0.42549,0.42546,0.42525,0.42536,0.42541,0.42529,0.42522,0.42521,0.42528,0.42519,0.42524,0.42525,0.42518,0.42519,0.42518,0.42528,0.42518,0.4253,0.42515,0.42522,0.42533,0.42521,0.42517,0.42512,0.42507,0.425,0.42494,0.42499,0.42501,0.42491,0.42504,0.4249,0.42492,0.42495,0.42486,0.42485,0.42474,0.42464,0.4246,0.42447,0.42445,0.42416,0.42376,0.42324,0.4225,0.42182,0.42091,0.41942,0.41764,0.41488,0.41153,0.40775,0.40187,0.3941,0.38499,0.3712,0.354,0.33339,0.31113,0.27657,0.24195,0.1915,0.13052,0.065731,0,-0.023288,-0.086523,-0.16545,-0.25566,-0.36045,-0.45838,-0.55862,-0.63449,-0.70961,-0.78508,-0.8594,-0.94153,-1.0173,-1.1033,-1.1786,-1.2562,-1.3147,-1.3668,-1.4246,-1.4841,-1.5308,-1.5691,-1.6099,-1.6541,-1.7073,-1.77
